3 0.9703125 0.05859375 0.01875 0.05859375
2 0.70390625 0.2640625 0.021875 0.065625
2 0.6859375 0.28359375 0.021875 0.06640625
2 0.56796875 0.16640625 0.025 0.05625
0 0.5265625 0.32734375 0.00625 0.01328125
2 0.56640625 0.42421875 0.0234375 0.08984375
2 0.453125 0.32734375 0.0296875 0.0515625
2 0.48515625 0.20390625 0.02109375 0.059375
2 0.45859375 0.209375 0.0203125 0.065625
3 0.375 0.228125 0.02265625 0.06484375
2 0.3703125 0.165625 0.02265625 0.05546875
2 0.40390625 0.075 0.01328125 0.0578125
2 0.29296875 0.07734375 0.021875 0.05625
2 0.27265625 0.17890625 0.01953125 0.06953125
2 0.32578125 0.24921875 0.0171875 0.07421875
2 0.14375 0.5578125 0.034375 0.09296875
2 0.10625 0.19140625 0.01875 0.07421875
2 0.025 0.090625 0.01484375 0.06015625