1 0.2859375 0.51328125 0.021875 0.0671875
0 0.43203125 0.54609375 0.01953125 0.02109375
2 0.46015625 0.525 0.028125 0.08671875
2 0.425 0.6359375 0.0203125 0.09296875
2 0.5625 0.4828125 0.03828125 0.08125
2 0.6703125 0.54765625 0.040625 0.078125
2 0.67890625 0.48125 0.0296875 0.078125
2 0.80703125 0.94609375 0.03828125 0.10703125
2 0.91640625 0.825 0.0375 0.10625
2 0.91796875 0.71328125 0.03828125 0.09609375
2 0.82265625 0.6484375 0.028125 0.06953125
3 0.8109375 0.653125 0.0359375 0.0953125
3 0.71796875 0.2625 0.01796875 0.06953125