0 0.84609375 0.60078125 0.0109375 0.0265625
2 0.840625 0.5265625 0.02265625 0.09296875
2 0.7625 0.3421875 0.02734375 0.078125
2 0.5859375 0.559375 0.0203125 0.090625
2 0.86015625 0.85703125 0.0296875 0.11328125
3 0.6734375 0.1859375 0.0203125 0.06484375
2 0.48125 0.26796875 0.01484375 0.0703125
2 0.48984375 0.4015625 0.02109375 0.0859375
2 0.4125 0.59375 0.021875 0.096875
2 0.35 0.7078125 0.02109375 0.109375
2 0.23515625 0.5015625 0.02109375 0.07734375
2 0.178125 0.4234375 0.01640625 0.084375
2 0.1453125 0.3359375 0.0171875 0.08046875
2 0.02421875 0.2375 0.0203125 0.075
3 0.103125 0.56328125 0.021875 0.09453125