2 0.07890625 0.8125 0.03984375 0.11953125
3 0.2859375 0.23515625 0.03828125 0.08125
3 0.534375 0.48203125 0.03671875 0.1046875
0 0.6171875 0.321875 0.0125 0.02421875
2 0.1875 0.49921875 0.0375 0.1078125
2 0.240625 0.4546875 0.03125 0.0953125
2 0.26875 0.36171875 0.0296875 0.0953125
2 0.353125 0.28203125 0.0328125 0.07578125
2 0.41171875 0.25546875 0.02421875 0.07578125
2 0.44375 0.33828125 0.02890625 0.08671875
2 0.60625 0.3171875 0.0265625 0.0875
2 0.68125 0.2796875 0.02109375 0.0640625
2 0.6515625 0.49296875 0.03359375 0.1203125
2 0.728125 0.734375 0.0375 0.1203125
2 0.7625 0.3609375 0.0296875 0.09609375
2 0.771875 0.31484375 0.03203125 0.07265625
2 0.89375 0.48984375 0.03359375 0.09609375