1 0.87109375 0.4640625 0.015625 0.065625
3 0.51015625 0.2875 0.01640625 0.04375
0 0.61640625 0.49921875 0.00390625 0.01015625
2 0.65234375 0.45625 0.01796875 0.0515625
2 0.69921875 0.58828125 0.0171875 0.0625
2 0.62734375 0.55390625 0.0265625 0.06171875
2 0.621875 0.5140625 0.0265625 0.05546875
2 0.61015625 0.478125 0.0203125 0.053125
2 0.4765625 0.5234375 0.01953125 0.06875
2 0.37109375 0.3703125 0.01640625 0.04921875
2 0.3796875 0.50078125 0.0171875 0.06484375
2 0.37734375 0.56328125 0.0125 0.0640625
3 0.31953125 0.5015625 0.01875 0.0609375
2 0.26875 0.52109375 0.0234375 0.06015625
2 0.2703125 0.571875 0.01328125 0.0625
2 0.28046875 0.6015625 0.01484375 0.075
2 0.309375 0.86015625 0.02265625 0.0921875
2 0.18203125 0.79765625 0.0203125 0.08984375
2 0.071875 0.37734375 0.01640625 0.05703125
3 0.021875 0.98203125 0.0296875 0.03515625