3 0.17578125 0.11640625 0.02265625 0.05
3 0.74453125 0.3546875 0.0265625 0.06875
2 0.403125 0.45078125 0.0234375 0.08359375
2 0.50703125 0.6 0.03359375 0.096875
2 0.546875 0.58203125 0.02734375 0.0890625
2 0.61015625 0.50546875 0.03046875 0.0828125
2 0.67578125 0.40703125 0.04140625 0.06875
2 0.6828125 0.334375 0.02578125 0.07421875
2 0.5609375 0.32578125 0.021875 0.06328125
2 0.72734375 0.165625 0.01875 0.06640625
2 0.2921875 0.34453125 0.03046875 0.0765625
2 0.3 0.31015625 0.03359375 0.05703125
2 0.29609375 0.28046875 0.01953125 0.0703125
0 0.5859375 0.38984375 0.01015625 0.01796875
2 0.7921875 0.39609375 0.0203125 0.08203125
2 0.85625 0.51953125 0.03046875 0.0875
2 0.871875 0.1625 0.01875 0.0671875
2 0.97109375 0.2453125 0.02109375 0.0765625