1 0.23359375 0.40234375 0.02265625 0.115625
2 0.29140625 0.60390625 0.02265625 0.14609375
2 0.34296875 0.56875 0.01171875 0.11171875
2 0.353125 0.56328125 0.0109375 0.1171875
2 0.36640625 0.55546875 0.0109375 0.11640625
2 0.378125 0.54921875 0.009375 0.12109375
2 0.38984375 0.5421875 0.0140625 0.121875
2 0.45 0.5171875 0.0203125 0.10859375
2 0.47109375 0.47734375 0.04765625 0.11328125
2 0.4859375 0.44296875 0.0109375 0.115625
2 0.50390625 0.4484375 0.0328125 0.103125
2 0.5359375 0.42734375 0.03515625 0.10859375
2 0.57578125 0.42265625 0.02734375 0.103125
2 0.565625 0.7828125 0.02109375 0.1328125
2 0.71171875 0.7625 0.021875 0.13203125
2 0.75703125 0.721875 0.01796875 0.12265625
3 0.75703125 0.6765625 0.02890625 0.11875
0 0.603125 0.76953125 0.0109375 0.01640625
3 0.8484375 0.08125 0.02109375 0.09140625
2 0.9484375 0.5578125 0.01953125 0.12578125