0 0.653125 0.54296875 0.0078125 0.015625
2 0.72109375 0.628125 0.028125 0.125
1 0.68359375 0.52265625 0.06953125 0.046875
2 0.6015625 0.5625 0.0328125 0.10625
2 0.58046875 0.46875 0.01953125 0.1015625
2 0.5578125 0.48125 0.0390625 0.11875
2 0.51953125 0.63125 0.02890625 0.13359375
2 0.55234375 0.703125 0.02265625 0.13046875
2 0.590625 0.72578125 0.04296875 0.13203125
2 0.2984375 0.46015625 0.025 0.1140625
2 0.3546875 0.51953125 0.0421875 0.10390625
2 0.20390625 0.5265625 0.02734375 0.12265625
2 0.18125 0.58203125 0.02265625 0.12734375
2 0.3953125 0.5875 0.0328125 0.10390625
2 0.371875 0.63984375 0.03984375 0.13203125
2 0.32734375 0.6734375 0.03046875 0.1359375
2 0.20703125 0.83671875 0.02734375 0.1484375
3 0.14296875 0.72421875 0.0296875 0.121875
3 0.1515625 0.09765625 0.02421875 0.0828125