3 0.0296875 0.05859375 0.01875 0.05859375
2 0.29609375 0.2640625 0.021875 0.065625
2 0.3140625 0.28359375 0.021875 0.06640625
2 0.43203125 0.16640625 0.025 0.05625
0 0.4734375 0.32734375 0.00625 0.01328125
2 0.43359375 0.42421875 0.0234375 0.08984375
2 0.546875 0.32734375 0.0296875 0.0515625
2 0.51484375 0.20390625 0.02109375 0.059375
2 0.54140625 0.209375 0.0203125 0.065625
3 0.625 0.228125 0.02265625 0.06484375
2 0.6296875 0.165625 0.02265625 0.05546875
2 0.59609375 0.075 0.01328125 0.0578125
2 0.70703125 0.07734375 0.021875 0.05625
2 0.72734375 0.17890625 0.01953125 0.06953125
2 0.67421875 0.24921875 0.0171875 0.07421875
2 0.85625 0.5578125 0.034375 0.09296875
2 0.89375 0.19140625 0.01875 0.07421875
2 0.975 0.090625 0.01484375 0.06015625