2 0.04453125 0.79609375 0.03046875 0.10078125
2 0.0140625 0.5015625 0.02109375 0.078125
2 0.09609375 0.5890625 0.0171875 0.078125
2 0.2953125 0.38984375 0.0171875 0.059375
2 0.309375 0.578125 0.0140625 0.07890625
2 0.23125 0.47421875 0.034375 0.06328125
3 0.29375 0.5375 0.01875 0.07421875
0 0.23203125 0.49921875 0.00703125 0.01171875
2 0.37109375 0.7046875 0.01796875 0.08984375
2 0.371875 0.5375 0.0125 0.07265625
2 0.37890625 0.4953125 0.01328125 0.0671875
2 0.46640625 0.4625 0.0171875 0.06796875
2 0.5234375 0.48046875 0.0125 0.0703125
2 0.496875 0.57265625 0.01640625 0.07109375
2 0.55546875 0.4953125 0.01953125 0.06953125
2 0.60234375 0.58203125 0.01875 0.07734375
2 0.64296875 0.5578125 0.01953125 0.07734375
2 0.6484375 0.596875 0.01015625 0.078125
2 0.6625 0.59375 0.01953125 0.0796875
1 0.878125 0.5265625 0.01875 0.06953125