2 0.178125 0.6390625 0.0203125 0.07734375
2 0.11640625 0.43125 0.01484375 0.06015625
2 0.16640625 0.36796875 0.01484375 0.05234375
2 0.2671875 0.35625 0.01328125 0.05546875
2 0.33203125 0.34140625 0.01640625 0.04453125
2 0.33359375 0.42265625 0.0078125 0.05703125
2 0.3171875 0.58046875 0.015625 0.06875
2 0.3671875 0.4171875 0.009375 0.05703125
2 0.5078125 0.33203125 0.01171875 0.04453125
2 0.5296875 0.39453125 0.015625 0.0484375
2 0.5515625 0.32265625 0.009375 0.0421875
2 0.6171875 0.42421875 0.01875 0.04765625
2 0.64453125 0.378125 0.01171875 0.04140625
2 0.60078125 0.53515625 0.0203125 0.05234375
3 0.66171875 0.51953125 0.01875 0.0609375
2 0.56640625 0.6921875 0.02421875 0.06015625
2 0.634375 0.68515625 0.0234375 0.065625
0 0.6625 0.70390625 0.0109375 0.01484375
3 0.72421875 0.8828125 0.04140625 0.090625
3 0.34609375 0.26328125 0.0078125 0.03828125
2 0.78203125 0.4140625 0.0171875 0.05078125
2 0.81484375 0.453125 0.01953125 0.05546875
2 0.853125 0.46953125 0.01796875 0.053125
2 0.84375 0.528125 0.0171875 0.05390625