1 0.26015625 0.4859375 0.028125 0.053125
0 0.2796875 0.51953125 0.01953125 0.0265625
2 0.23671875 0.6296875 0.02421875 0.13359375
2 0.3640625 0.66484375 0.01953125 0.125
2 0.39296875 0.57578125 0.03515625 0.10390625
2 0.4421875 0.4609375 0.03046875 0.10625
2 0.49765625 0.43984375 0.03984375 0.1
2 0.4328125 0.60234375 0.0265625 0.128125
2 0.45390625 0.7421875 0.03671875 0.125
2 0.50390625 0.61875 0.028125 0.13046875
2 0.54921875 0.63828125 0.03984375 0.1234375
2 0.54921875 0.590625 0.03515625 0.11875
2 0.621875 0.5109375 0.0390625 0.11953125
2 0.62734375 0.4375 0.02890625 0.10859375
2 0.70234375 0.52734375 0.03359375 0.11328125
2 0.72890625 0.8078125 0.0296875 0.14765625
2 0.753125 0.571875 0.0375 0.10390625
2 0.97734375 0.75 0.0375 0.1296875
2 0.96171875 0.46953125 0.034375 0.1203125
3 0.78125 0.70859375 0.02734375 0.13671875
3 0.86875 0.109375 0.03125 0.0796875