1 0.2359375 0.478125 0.05 0.08359375
2 0.35703125 0.68671875 0.02890625 0.109375
2 0.45234375 0.615625 0.025 0.0984375
2 0.45625 0.55625 0.02890625 0.08828125
2 0.51328125 0.51640625 0.02109375 0.078125
2 0.58046875 0.47265625 0.02578125 0.08046875
2 0.546875 0.57109375 0.03046875 0.09140625
2 0.59921875 0.5921875 0.028125 0.08984375
2 0.63125 0.58046875 0.025 0.09921875
0 0.55859375 0.49765625 0.00625 0.01484375
2 0.7484375 0.5578125 0.01796875 0.0921875
2 0.9828125 0.53671875 0.0296875 0.096875
3 0.80703125 0.61484375 0.03359375 0.09609375
3 0.83984375 0.23046875 0.028125 0.06875