3 0.909375 0.946875 0.03125 0.10625
3 0.0859375 0.58125 0.01796875 0.08515625
1 0.64140625 0.496875 0.0140625 0.0796875
0 0.459375 0.553125 0.00703125 0.01015625
2 0.17421875 0.50703125 0.0140625 0.07890625
2 0.19140625 0.5796875 0.02734375 0.08359375
2 0.39140625 0.63828125 0.025 0.09765625
2 0.078125 0.509375 0.01328125 0.08359375
2 0.34296875 0.5375 0.021875 0.078125
2 0.36328125 0.50859375 0.01640625 0.075
2 0.34296875 0.48828125 0.0203125 0.071875
2 0.41953125 0.58671875 0.02578125 0.07734375
2 0.4671875 0.57578125 0.02265625 0.06953125
2 0.43203125 0.50625 0.0203125 0.0671875
2 0.446875 0.50390625 0.01796875 0.0625
2 0.48359375 0.55390625 0.021875 0.0640625
2 0.2734375 0.54453125 0.0328125 0.03515625
2 0.265625 0.53359375 0.01484375 0.0265625
2 0.8046875 0.846875 0.0390625 0.1109375
2 0.10078125 0.5421875 0.02421875 0.07265625