2 0.70546875 0.609375 0.02265625 0.1265625
2 0.65078125 0.57421875 0.0125 0.1140625
2 0.6390625 0.56875 0.01171875 0.121875
2 0.62734375 0.55703125 0.01171875 0.12265625
2 0.61484375 0.55 0.0109375 0.12890625
2 0.603125 0.54375 0.0125 0.125
2 0.5421875 0.521875 0.02890625 0.0984375
2 0.525 0.48203125 0.04921875 0.11171875
2 0.50078125 0.44609375 0.021875 0.0984375
2 0.4859375 0.4625 0.03359375 0.090625
2 0.44765625 0.41953125 0.025 0.1046875
2 0.36640625 0.421875 0.03359375 0.09765625
2 0.4125 0.75546875 0.03203125 0.121875
2 0.26796875 0.7609375 0.02734375 0.134375
2 0.18671875 0.72109375 0.021875 0.121875
0 0.39140625 0.77578125 0.0109375 0.0203125
3 0.23515625 0.68359375 0.02578125 0.12109375
3 0.14453125 0.08828125 0.02109375 0.0859375
2 0.01640625 0.4828125 0.02109375 0.11484375
2 0.04140625 0.56015625 0.01875 0.1234375
1 0.759375 0.4125 0.02734375 0.096875