1 0.06796875 0.453125 0.0296875 0.07578125
2 0.2109375 0.61015625 0.03046875 0.0765625
2 0.278125 0.39609375 0.01953125 0.06015625
2 0.56953125 0.33046875 0.02578125 0.0625
2 0.7890625 0.3453125 0.01796875 0.06484375
2 0.76640625 0.75390625 0.0375 0.10390625
2 0.65234375 0.85078125 0.03125 0.103125
2 0.99375 0.40390625 0.0125 0.0703125
2 0.51328125 0.5390625 0.02421875 0.053125
2 0.59375 0.490625 0.02109375 0.05625
2 0.65390625 0.496875 0.0140625 0.06171875
2 0.6203125 0.5421875 0.015625 0.06875
2 0.634375 0.578125 0.01796875 0.07109375
2 0.45546875 0.52421875 0.02265625 0.05859375
2 0.36875 0.55234375 0.021875 0.06015625
2 0.30078125 0.48671875 0.01796875 0.0625
2 0.3296875 0.53828125 0.01953125 0.0546875
3 0.67265625 0.47734375 0.02421875 0.05078125
3 0.38828125 0.26484375 0.015625 0.034375
3 0.82734375 0.94609375 0.03359375 0.10546875
0 0.32734375 0.51015625 0.0046875 0.00546875