3 0.94296875 0.46875 0.03046875 0.0859375
2 0.93359375 0.65546875 0.03515625 0.12734375
0 0.8171875 0.5859375 0.01484375 0.0234375
2 0.84453125 0.52421875 0.0359375 0.08515625
2 0.76171875 0.4953125 0.034375 0.09140625
2 0.7796875 0.2765625 0.0265625 0.09765625
2 0.68125 0.35390625 0.028125 0.1046875
2 0.68828125 0.42109375 0.0265625 0.096875
2 0.6671875 0.43203125 0.021875 0.10234375
2 0.54921875 0.51875 0.02265625 0.1109375
2 0.59921875 0.603125 0.02890625 0.10859375
2 0.6453125 0.68515625 0.028125 0.115625
2 0.4328125 0.6203125 0.0265625 0.12109375
2 0.4015625 0.6578125 0.03515625 0.125
2 0.37109375 0.6578125 0.03125 0.134375
2 0.25 0.746875 0.0375 0.13203125
2 0.21796875 0.86171875 0.046875 0.1296875
2 0.3984375 0.59921875 0.0234375 0.09921875