2 0.928125 0.2984375 0.0171875 0.06171875
2 0.89453125 0.31796875 0.02109375 0.07265625
2 0.82890625 0.4234375 0.021875 0.08515625
2 0.6765625 0.371875 0.0203125 0.0703125
2 0.64375 0.45078125 0.02890625 0.08203125
2 0.5078125 0.41171875 0.0234375 0.08359375
2 0.42421875 0.4609375 0.02421875 0.0578125
2 0.61015625 0.55234375 0.03359375 0.0734375
3 0.63046875 0.58203125 0.01796875 0.09296875
2 0.4546875 0.63203125 0.03671875 0.08046875
0 0.45703125 0.6578125 0.0078125 0.01328125
2 0.365625 0.47421875 0.02890625 0.0671875
2 0.36015625 0.56171875 0.03359375 0.06875
1 0.22421875 0.51875 0.0203125 0.0609375
2 0.58828125 0.665625 0.02890625 0.08671875