1 0.8203125 0.42734375 0.01875 0.06484375
0 0.56484375 0.5078125 0.01015625 0.01875
3 0.62421875 0.2546875 0.01640625 0.05546875
3 0.2359375 0.428125 0.0203125 0.06796875
3 0.1515625 0.94453125 0.0203125 0.0875
2 0.81796875 0.59296875 0.01640625 0.0875
2 0.70859375 0.3421875 0.01640625 0.05859375
2 0.67421875 0.4671875 0.021875 0.071875
2 0.628125 0.55390625 0.02265625 0.0703125
2 0.56796875 0.55703125 0.021875 0.06484375
2 0.41484375 0.2984375 0.009375 0.04140625
2 0.2109375 0.3265625 0.01484375 0.04609375
2 0.20390625 0.49375 0.021875 0.0609375
2 0.22578125 0.50859375 0.0234375 0.06875
2 0.328125 0.53671875 0.015625 0.0734375
2 0.346875 0.54375 0.01640625 0.06875
2 0.0828125 0.72578125 0.02265625 0.09609375
2 0.13515625 0.8953125 0.0296875 0.109375
2 0.5734375 0.4859375 0.01796875 0.04296875
2 0.56796875 0.475 0.01640625 0.053125