1 0.0953125 0.45078125 0.02421875 0.0765625
3 0.6875 0.4484375 0.0234375 0.0484375
3 0.3328125 0.25546875 0.01328125 0.0421875
3 0.7796875 0.92578125 0.03046875 0.096875
2 0.78984375 0.73125 0.02734375 0.11484375
2 0.69921875 0.8609375 0.034375 0.096875
2 0.5328125 0.30546875 0.0234375 0.059375
2 0.73671875 0.3328125 0.021875 0.06328125
2 0.9390625 0.38125 0.028125 0.071875
2 0.96796875 0.40078125 0.02734375 0.06484375
2 0.24375 0.35625 0.01796875 0.0546875
2 0.2703125 0.48828125 0.02265625 0.0578125
2 0.14140625 0.6359375 0.01796875 0.09296875
2 0.2953125 0.56484375 0.02109375 0.06484375
2 0.4203125 0.51328125 0.01875 0.065625
2 0.5921875 0.53984375 0.02265625 0.071875
2 0.6125 0.5578125 0.01015625 0.06796875
2 0.634375 0.4953125 0.01796875 0.06171875
2 0.6625 0.49375 0.021875 0.06640625
2 0.40390625 0.5171875 0.02890625 0.046875
2 0.3796875 0.55234375 0.02109375 0.071875
0 0.38125 0.5625 0.009375 0.0125