0 0.646875 0.90390625 0.01015625 0.02265625
1 0.7625 0.45703125 0.02421875 0.09453125
2 0.64296875 0.465625 0.0234375 0.09140625
2 0.275 0.48125 0.01875 0.1078125
2 0.53125 0.61640625 0.0234375 0.09140625
2 0.5796875 0.57578125 0.02578125 0.0984375
2 0.61640625 0.73203125 0.02734375 0.046875
2 0.69609375 0.65546875 0.02109375 0.06796875
2 0.6796875 0.69140625 0.02421875 0.10546875
3 0.4078125 0.7328125 0.021875 0.1125
2 0.115625 0.665625 0.0296875 0.109375
2 0.059375 0.5796875 0.0265625 0.09609375
3 0.18203125 0.14140625 0.01328125 0.078125