3 0.15 0.23359375 0.01328125 0.04453125
3 0.7125 0.934375 0.04453125 0.109375
3 0.56953125 0.53828125 0.0203125 0.084375
0 0.659375 0.68515625 0.009375 0.01875
1 0.98828125 0.50625 0.02109375 0.07421875
2 0.78671875 0.5265625 0.0265625 0.06640625
2 0.64609375 0.6609375 0.02734375 0.06328125
2 0.68515625 0.4109375 0.01953125 0.05390625
2 0.753125 0.44375 0.0171875 0.0625
2 0.78515625 0.4609375 0.01796875 0.059375
2 0.53125 0.675 0.02109375 0.0703125
2 0.540625 0.540625 0.02578125 0.0625
2 0.53359375 0.43046875 0.0203125 0.05703125
2 0.540625 0.375 0.01640625 0.0484375
2 0.41328125 0.40390625 0.02265625 0.06171875
2 0.375 0.32265625 0.0140625 0.05234375
2 0.3890625 0.3078125 0.0125 0.04609375
2 0.06015625 0.3546875 0.01640625 0.0546875
2 0.1421875 0.33046875 0.0140625 0.05390625
2 0.14609375 0.43359375 0.01484375 0.059375
2 0.1828125 0.42421875 0.01875 0.06328125
2 0.1515625 0.61171875 0.02890625 0.0796875