0 0.303125 0.3078125 0.0109375 0.009375
2 0.32109375 0.28359375 0.028125 0.0640625
2 0.32578125 0.4015625 0.028125 0.08828125
2 0.2140625 0.39921875 0.028125 0.08359375
2 0.2109375 0.32265625 0.0203125 0.078125
2 0.31875 0.70859375 0.0296875 0.1171875
2 0.40390625 0.88125 0.0296875 0.13203125
2 0.4625 0.64609375 0.02109375 0.1140625
3 0.521875 0.56015625 0.02109375 0.11171875
2 0.1125 0.30703125 0.02109375 0.08984375
2 0.0375 0.68203125 0.0328125 0.125
3 0.80390625 0.24921875 0.02265625 0.0859375
2 0.94609375 0.559375 0.0265625 0.11640625
2 0.89453125 0.5625 0.01953125 0.10703125
2 0.80703125 0.35859375 0.02734375 0.090625
2 0.7421875 0.35390625 0.028125 0.08046875
2 0.58046875 0.30859375 0.025 0.0890625