0 0.77734375 0.43125 0.0109375 0.01328125
1 0.67421875 0.48515625 0.03671875 0.0296875
3 0.4 0.27109375 0.01796875 0.04375
2 0.73515625 0.453125 0.01171875 0.06484375
2 0.6140625 0.52734375 0.01796875 0.07265625
2 0.55703125 0.46796875 0.01875 0.07421875
2 0.48984375 0.453125 0.0140625 0.0671875
2 0.3984375 0.38671875 0.01953125 0.0578125
2 0.35 0.403125 0.015625 0.05859375
2 0.34609375 0.50390625 0.015625 0.06328125
2 0.27890625 0.4765625 0.01171875 0.0640625
3 0.25859375 0.4640625 0.025 0.06875
2 0.2015625 0.56484375 0.01484375 0.065625
2 0.23515625 0.8328125 0.01953125 0.09921875
2 0.134375 0.80859375 0.0234375 0.103125
2 0.15 0.4875 0.01953125 0.07421875
2 0.15859375 0.5734375 0.015625 0.06640625
2 0.05546875 0.575 0.01640625 0.08125