0 0.353125 0.90390625 0.01015625 0.02265625
1 0.2375 0.45703125 0.02421875 0.09453125
2 0.35703125 0.465625 0.0234375 0.09140625
2 0.725 0.48125 0.01875 0.1078125
2 0.46875 0.61640625 0.0234375 0.09140625
2 0.4203125 0.57578125 0.02578125 0.0984375
2 0.38359375 0.73203125 0.02734375 0.046875
2 0.30390625 0.65546875 0.02109375 0.06796875
2 0.3203125 0.69140625 0.02421875 0.10546875
3 0.5921875 0.7328125 0.021875 0.1125
2 0.884375 0.665625 0.0296875 0.109375
2 0.940625 0.5796875 0.0265625 0.09609375
3 0.81796875 0.14140625 0.01328125 0.078125