2 0.95546875 0.7125 0.0125 0.08515625
2 0.79296875 0.56484375 0.0171875 0.065625
2 0.6828125 0.528125 0.01171875 0.05703125
2 0.796875 0.415625 0.0125 0.05390625
2 0.75 0.3640625 0.0140625 0.046875
2 0.6640625 0.3578125 0.01484375 0.04921875
2 0.59453125 0.4078125 0.0125 0.05078125
2 0.55234375 0.4015625 0.0125 0.053125
2 0.59296875 0.33828125 0.0109375 0.0421875
2 0.46015625 0.321875 0.0109375 0.04453125
2 0.4484375 0.3640625 0.01171875 0.04140625
3 0.58046875 0.26796875 0.00625 0.0375
3 0.353125 0.471875 0.01796875 0.05546875
2 0.371875 0.31953125 0.009375 0.0390625
2 0.38203125 0.39609375 0.015625 0.0453125
2 0.34609375 0.365625 0.01171875 0.04375
2 0.4109375 0.4921875 0.0125 0.04765625
2 0.20703125 0.39375 0.01328125 0.04765625
2 0.20234375 0.45 0.01953125 0.053125
2 0.159375 0.4625 0.01640625 0.053125
2 0.1546875 0.5390625 0.025 0.06640625
3 0.3546875 0.846875 0.034375 0.08984375
2 0.4953125 0.71015625 0.02109375 0.06640625
0 0.48828125 0.73125 0.00859375 0.015625
2 0.41015625 0.70859375 0.02265625 0.078125