1 0.659375 0.5109375 0.040625 0.07734375
0 0.60859375 0.49921875 0.0109375 0.015625
2 0.38046875 0.60703125 0.03203125 0.0875
2 0.38671875 0.54296875 0.0328125 0.0828125
2 0.26796875 0.5203125 0.01796875 0.0859375
2 0.12578125 0.5984375 0.02578125 0.0703125
2 0.10546875 0.578125 0.01796875 0.096875
2 0.17109375 0.60546875 0.0265625 0.09609375
2 0.19453125 0.60546875 0.02421875 0.09453125
2 0.2359375 0.5984375 0.0265625 0.09140625
2 0.2328125 0.49140625 0.0234375 0.075
2 0.24921875 0.52578125 0.01640625 0.0875
2 0.1625 0.4734375 0.01484375 0.07890625
2 0.1625 0.465625 0.0359375 0.08046875
3 0.0390625 0.60078125 0.01953125 0.10625