2 0.821875 0.6390625 0.0203125 0.07734375
2 0.88359375 0.43125 0.01484375 0.06015625
2 0.83359375 0.36796875 0.01484375 0.05234375
2 0.7328125 0.35625 0.01328125 0.05546875
2 0.66796875 0.34140625 0.01640625 0.04453125
2 0.66640625 0.42265625 0.0078125 0.05703125
2 0.6828125 0.58046875 0.015625 0.06875
2 0.6328125 0.4171875 0.009375 0.05703125
2 0.4921875 0.33203125 0.01171875 0.04453125
2 0.4703125 0.39453125 0.015625 0.0484375
2 0.4484375 0.32265625 0.009375 0.0421875
2 0.3828125 0.42421875 0.01875 0.04765625
2 0.35546875 0.378125 0.01171875 0.04140625
2 0.39921875 0.53515625 0.0203125 0.05234375
3 0.33828125 0.51953125 0.01875 0.0609375
2 0.43359375 0.6921875 0.02421875 0.06015625
2 0.365625 0.68515625 0.0234375 0.065625
0 0.3375 0.70390625 0.0109375 0.01484375
3 0.27578125 0.8828125 0.04140625 0.090625
3 0.65390625 0.26328125 0.0078125 0.03828125
2 0.21796875 0.4140625 0.0171875 0.05078125
2 0.18515625 0.453125 0.01953125 0.05546875
2 0.146875 0.46953125 0.01796875 0.053125
2 0.15625 0.528125 0.0171875 0.05390625