2 0.9828125 0.42890625 0.021875 0.07890625
1 0.22109375 0.52109375 0.0265625 0.0765625
3 0.8421875 0.56953125 0.02421875 0.08984375
2 0.75703125 0.4296875 0.0203125 0.0859375
0 0.72890625 0.61171875 0.01015625 0.01328125
2 0.8109375 0.54921875 0.0171875 0.0890625
2 0.5546875 0.5890625 0.02421875 0.08203125
2 0.634375 0.5640625 0.02890625 0.084375
2 0.63984375 0.50703125 0.02109375 0.075
2 0.6703125 0.46484375 0.02578125 0.0640625
2 0.74921875 0.57421875 0.0328125 0.0734375
2 0.690625 0.51015625 0.02109375 0.071875
2 0.67578125 0.5484375 0.01875 0.07265625
2 0.6671875 0.51484375 0.01796875 0.0578125
2 0.64453125 0.48828125 0.01328125 0.07890625
2 0.73046875 0.64765625 0.02265625 0.08828125