2 0.271875 0.91171875 0.03828125 0.140625
2 0.78046875 0.959375 0.03046875 0.08046875
2 0.46015625 0.5703125 0.046875 0.109375
2 0.725 0.590625 0.03046875 0.10234375
2 0.70078125 0.46875 0.034375 0.08125
2 0.72109375 0.3921875 0.02734375 0.09609375
2 0.7015625 0.2953125 0.01953125 0.09140625
2 0.74375 0.47578125 0.034375 0.08828125
2 0.7875 0.43515625 0.02890625 0.09375
3 0.78984375 0.53359375 0.03515625 0.0984375
3 0.71875 0.1859375 0.03046875 0.065625
0 0.575 0.459375 0.009375 0.01484375
2 0.56953125 0.41640625 0.034375 0.0796875
2 0.5703125 0.3953125 0.02578125 0.08359375
2 0.85625 0.22578125 0.0203125 0.07890625
2 0.96953125 0.26796875 0.02421875 0.0796875
2 0.96015625 0.3828125 0.028125 0.0859375