3 0.1328125 0.5890625 0.02578125 0.11953125
3 0.06015625 0.16171875 0.02578125 0.075
2 0.06328125 0.36484375 0.0328125 0.09609375
2 0.2078125 0.55234375 0.0265625 0.09921875
2 0.19921875 0.4828125 0.034375 0.090625
2 0.2296875 0.78125 0.0390625 0.12421875
2 0.2984375 0.578125 0.0296875 0.1078125
2 0.3078125 0.48515625 0.03828125 0.103125
2 0.54296875 0.69453125 0.02734375 0.10859375
2 0.4140625 0.49609375 0.0203125 0.10625
2 0.38515625 0.409375 0.0234375 0.08359375
2 0.36328125 0.43203125 0.02109375 0.08984375
1 0.39609375 0.4375 0.04296875 0.05546875
0 0.6296875 0.44765625 0.0125 0.01796875