3 0.18828125 0.42421875 0.03984375 0.1625
2 0.2796875 0.19609375 0.04296875 0.12265625
2 0.26328125 0.55078125 0.0578125 0.146875
2 0.5640625 0.2671875 0.02890625 0.12578125
0 0.3828125 0.52109375 0.02109375 0.03203125
2 0.3328125 0.48359375 0.065625 0.12265625
2 0.28828125 0.4 0.0328125 0.11875
2 0.41640625 0.4703125 0.05625 0.1296875
2 0.47578125 0.47265625 0.05859375 0.134375
2 0.5875 0.55234375 0.034375 0.16328125
2 0.5359375 0.39609375 0.03515625 0.1390625
2 0.5734375 0.4265625 0.03046875 0.12265625
2 0.6109375 0.30234375 0.025 0.09453125
2 0.6265625 0.35625 0.028125 0.1234375
2 0.60625 0.39921875 0.03515625 0.134375