2 0.2296875 0.71953125 0.03125 0.11953125
2 0.01953125 0.50859375 0.03515625 0.1109375
2 0.17578125 0.33359375 0.03046875 0.08359375
2 0.2515625 0.38515625 0.02265625 0.08046875
2 0.28046875 0.31875 0.02421875 0.08125
2 0.334375 0.3125 0.0234375 0.08515625
2 0.2734375 0.47421875 0.03046875 0.1015625
2 0.42578125 0.32421875 0.02890625 0.08203125
0 0.36171875 0.37890625 0.01640625 0.021875
3 0.4296875 0.490625 0.028125 0.09609375
3 0.62578125 0.234375 0.0296875 0.078125
2 0.559375 0.35078125 0.02734375 0.08359375
2 0.675 0.42890625 0.02578125 0.10703125
2 0.72890625 0.465625 0.02578125 0.11015625
2 0.60390625 0.290625 0.0234375 0.084375
2 0.59609375 0.2625 0.02578125 0.07890625
2 0.83203125 0.75390625 0.034375 0.13359375