3 0.125 0.14609375 0.015625 0.05625
3 0.0828125 0.57109375 0.01953125 0.090625
2 0.39765625 0.9234375 0.0359375 0.1046875
2 0.08125 0.29921875 0.01796875 0.07734375
2 0.0265625 0.40546875 0.01953125 0.0796875
2 0.06015625 0.35859375 0.0234375 0.06640625
2 0.22421875 0.5015625 0.028125 0.078125
2 0.340625 0.3375 0.01484375 0.06171875
2 0.36171875 0.4171875 0.02421875 0.0796875
2 0.428125 0.446875 0.02109375 0.07265625
2 0.22890625 0.16328125 0.01015625 0.0578125
2 0.553125 0.31484375 0.01875 0.0703125
2 0.6859375 0.57734375 0.03359375 0.08359375
2 0.8421875 0.39140625 0.02109375 0.08125
2 0.790625 0.5984375 0.028125 0.08515625
0 0.79765625 0.62265625 0.00859375 0.01484375
2 0.2625 0.71796875 0.01796875 0.08671875
2 0.30859375 0.69453125 0.01875 0.0953125
2 0.2890625 0.83125 0.0296875 0.1015625