2 0.77578125 0.50859375 0.0203125 0.08515625
0 0.753125 0.4625 0.01015625 0.01796875
2 0.70859375 0.58046875 0.03125 0.078125
2 0.64609375 0.42734375 0.0265625 0.071875
2 0.5296875 0.63828125 0.046875 0.08671875
2 0.521875 0.59765625 0.0234375 0.09375
2 0.4828125 0.5265625 0.0234375 0.103125
1 0.45390625 0.4625 0.02109375 0.09921875
2 0.44453125 0.4359375 0.0171875 0.09375
2 0.35390625 0.54375 0.0265625 0.103125
2 0.1375 0.56796875 0.02109375 0.10546875
2 0.0328125 0.52265625 0.02265625 0.10234375
3 0.09609375 0.50859375 0.0390625 0.09765625
3 0.1890625 0.22109375 0.02265625 0.0609375