3 0.8671875 0.5890625 0.02578125 0.11953125
3 0.93984375 0.16171875 0.02578125 0.075
2 0.93671875 0.36484375 0.0328125 0.09609375
2 0.7921875 0.55234375 0.0265625 0.09921875
2 0.80078125 0.4828125 0.034375 0.090625
2 0.7703125 0.78125 0.0390625 0.12421875
2 0.7015625 0.578125 0.0296875 0.1078125
2 0.6921875 0.48515625 0.03828125 0.103125
2 0.45703125 0.69453125 0.02734375 0.10859375
2 0.5859375 0.49609375 0.0203125 0.10625
2 0.61484375 0.409375 0.0234375 0.08359375
2 0.63671875 0.43203125 0.02109375 0.08984375
1 0.60390625 0.4375 0.04296875 0.05546875
0 0.3703125 0.44765625 0.0125 0.01796875