0 0.14765625 0.6046875 0.009375 0.021875
2 0.3921875 0.6453125 0.02421875 0.1
2 0.50390625 0.52890625 0.01484375 0.08671875
2 0.525 0.53828125 0.02421875 0.0953125
2 0.6421875 0.58515625 0.03203125 0.090625
2 0.69921875 0.51640625 0.0171875 0.08203125
3 0.73828125 0.28359375 0.0296875 0.06953125
3 0.825 0.68828125 0.03515625 0.10390625
2 0.8296875 0.971875 0.01875 0.05625
2 0.9609375 0.89375 0.02890625 0.10703125
2 0.96171875 0.7671875 0.0359375 0.103125
2 0.9796875 0.721875 0.0265625 0.096875
1 0.41328125 0.5859375 0.0453125 0.02734375