2 0.921875 0.3609375 0.01796875 0.0609375
2 0.88515625 0.4234375 0.0171875 0.07109375
2 0.7 0.35859375 0.02421875 0.0671875
2 0.74296875 0.55703125 0.0203125 0.071875
2 0.60078125 0.41171875 0.01875 0.07109375
2 0.54375 0.409375 0.0171875 0.07421875
2 0.46328125 0.484375 0.021875 0.0703125
2 0.52734375 0.765625 0.03125 0.08984375
2 0.50625 0.7609375 0.03046875 0.0765625
0 0.490625 0.784375 0.009375 0.0171875
3 0.69453125 0.509375 0.03515625 0.08203125
3 0.16328125 0.86953125 0.0375 0.1078125
1 0.2484375 0.3953125 0.02265625 0.07734375