2 0.8515625 0.96015625 0.034375 0.0796875
2 0.6734375 0.62265625 0.02890625 0.1125
2 0.315625 0.640625 0.040625 0.10546875
2 0.2734375 0.434375 0.02578125 0.0765625
2 0.31640625 0.40625 0.0375 0.09609375
2 0.33515625 0.25390625 0.01875 0.071875
3 0.409375 0.2140625 0.02109375 0.07734375
2 0.42109375 0.31796875 0.021875 0.07734375
3 0.35859375 0.5328125 0.025 0.09765625
2 0.34609375 0.45234375 0.0234375 0.08046875
0 0.34296875 0.490625 0.0078125 0.01640625
2 0.46328125 0.39453125 0.0296875 0.07890625
2 0.48984375 0.453125 0.025 0.0796875
2 0.47421875 0.4265625 0.03359375 0.0765625
2 0.146875 0.3921875 0.025 0.09375
2 0.14140625 0.28984375 0.021875 0.07734375
2 0.0359375 0.39296875 0.02109375 0.0875