2 0.7984375 0.7078125 0.03671875 0.1203125
2 0.65703125 0.4484375 0.02421875 0.10625
2 0.60625 0.428125 0.02734375 0.1
2 0.575 0.3265625 0.02578125 0.08359375
2 0.55546875 0.27421875 0.0203125 0.08828125
3 0.56484375 0.2375 0.01796875 0.07890625
2 0.5078125 0.36796875 0.02578125 0.08828125
3 0.43125 0.51171875 0.028125 0.10234375
2 0.27109375 0.4546875 0.02890625 0.10390625
2 0.35 0.3203125 0.028125 0.075
2 0.33828125 0.3421875 0.02421875 0.08671875
2 0.321875 0.3734375 0.02265625 0.08203125
2 0.20234375 0.3671875 0.02421875 0.08046875
2 0.2203125 0.3796875 0.02578125 0.0765625
0 0.2328125 0.4109375 0.01015625 0.01328125
2 0.26875 0.69921875 0.0296875 0.11875
2 0.0125 0.528125 0.02421875 0.10625