2 0.02421875 0.521875 0.01875 0.1140625
2 0.05390625 0.51640625 0.02421875 0.103125
2 0.0890625 0.3765625 0.0140625 0.10078125
2 0.26171875 0.28203125 0.0265625 0.0984375
2 0.29921875 0.36484375 0.02265625 0.09296875
2 0.4828125 0.55859375 0.028125 0.1171875
2 0.53984375 0.77734375 0.040625 0.1296875
2 0.671875 0.546875 0.03046875 0.11484375
2 0.88046875 0.60703125 0.03671875 0.1234375
2 0.8125 0.3015625 0.0328125 0.0796875
2 0.7421875 0.30546875 0.034375 0.0765625
2 0.6078125 0.2578125 0.028125 0.0828125
2 0.53984375 0.3359375 0.0265625 0.0953125
2 0.4734375 0.2859375 0.03125 0.0859375
3 0.43359375 0.4625 0.025 0.0984375
0 0.65703125 0.29375 0.01171875 0.01953125
3 0.128125 0.23046875 0.02109375 0.078125