0 0.22265625 0.43125 0.0109375 0.01328125
1 0.32578125 0.48515625 0.03671875 0.0296875
3 0.6 0.27109375 0.01796875 0.04375
2 0.26484375 0.453125 0.01171875 0.06484375
2 0.3859375 0.52734375 0.01796875 0.07265625
2 0.44296875 0.46796875 0.01875 0.07421875
2 0.51015625 0.453125 0.0140625 0.0671875
2 0.6015625 0.38671875 0.01953125 0.0578125
2 0.65 0.403125 0.015625 0.05859375
2 0.65390625 0.50390625 0.015625 0.06328125
2 0.72109375 0.4765625 0.01171875 0.0640625
3 0.74140625 0.4640625 0.025 0.06875
2 0.7984375 0.56484375 0.01484375 0.065625
2 0.76484375 0.8328125 0.01953125 0.09921875
2 0.865625 0.80859375 0.0234375 0.103125
2 0.85 0.4875 0.01953125 0.07421875
2 0.84140625 0.5734375 0.015625 0.06640625
2 0.94453125 0.575 0.01640625 0.08125