0 0.8296875 0.48984375 0.009375 0.0171875
1 0.71484375 0.48125 0.03203125 0.04140625
2 0.43984375 0.44921875 0.0140625 0.07109375
2 0.51484375 0.45859375 0.0140625 0.0671875
2 0.52890625 0.4921875 0.0203125 0.05234375
2 0.353125 0.51484375 0.01953125 0.0609375
2 0.57109375 0.52109375 0.021875 0.059375
2 0.56796875 0.559375 0.03046875 0.0546875
2 0.265625 0.38828125 0.01484375 0.05390625
2 0.2609375 0.496875 0.0171875 0.065625
2 0.2078125 0.58125 0.01953125 0.07265625
2 0.10859375 0.53125 0.0171875 0.07578125
2 0.18671875 0.86328125 0.02734375 0.0953125
2 0.11640625 0.62265625 0.01875 0.078125
3 0.2296875 0.490625 0.01796875 0.065625
3 0.35546875 0.27890625 0.009375 0.05
2 0.0734375 0.5921875 0.01953125 0.07734375
2 0.05 0.8375 0.0328125 0.10625