3 0.33203125 0.11640625 0.02421875 0.0703125
3 0.86875 0.4375 0.03046875 0.08828125
2 0.84453125 0.36015625 0.025 0.09375
2 0.68125 0.4625 0.03203125 0.090625
2 0.596875 0.41484375 0.02265625 0.07421875
2 0.5859375 0.44140625 0.02109375 0.07734375
0 0.57890625 0.46875 0.01328125 0.02109375
2 0.46484375 0.46875 0.0359375 0.08203125
2 0.509375 0.55 0.03203125 0.0984375
2 0.56875 0.59765625 0.04375 0.1046875
2 0.4609375 0.57890625 0.0265625 0.109375
2 0.396875 0.39140625 0.0203125 0.0921875
2 0.4265625 0.35859375 0.03046875 0.07890625