0 0.2125 0.4265625 0.00703125 0.01484375
2 0.26015625 0.33359375 0.021875 0.071875
2 0.290625 0.45078125 0.02109375 0.09140625
2 0.19765625 0.44609375 0.03046875 0.08203125
2 0.23125 0.6703125 0.0265625 0.109375
2 0.0890625 0.75703125 0.02421875 0.1125
2 0.465625 0.41328125 0.0234375 0.0796875
2 0.60390625 0.45703125 0.0296875 0.07890625
2 0.66953125 0.4859375 0.02890625 0.0828125
2 0.67734375 0.7421875 0.028125 0.1078125
2 0.55625 0.7953125 0.02734375 0.11328125
2 0.65 0.95234375 0.028125 0.09453125
2 0.7453125 0.25625 0.02421875 0.07265625
2 0.9390625 0.34296875 0.0265625 0.07734375
2 0.98203125 0.42421875 0.02734375 0.08359375
3 0.80390625 0.66328125 0.0265625 0.10625
3 0.9015625 0.2328125 0.01953125 0.075