2 0.928125 0.1421875 0.0203125 0.078125
2 0.9921875 0.39375 0.015625 0.096875
2 0.80703125 0.31953125 0.03125 0.09140625
2 0.7328125 0.409375 0.0453125 0.0984375
2 0.60078125 0.34375 0.025 0.08671875
2 0.6390625 0.5296875 0.0328125 0.09921875
2 0.5703125 0.56171875 0.0375 0.11015625
2 0.53671875 0.58515625 0.04765625 0.1078125
2 0.47578125 0.42421875 0.03046875 0.0890625
2 0.45859375 0.30390625 0.01875 0.0734375
2 0.38125 0.303125 0.0171875 0.08359375
2 0.36796875 0.33828125 0.03671875 0.0890625
3 0.88203125 0.3734375 0.025 0.09296875
3 0.2671875 0.06796875 0.021875 0.0765625
0 0.584375 0.3765625 0.015625 0.02421875