2 0.95390625 0.68203125 0.04140625 0.1203125
2 0.65703125 0.740625 0.03125 0.1390625
2 0.55546875 0.609375 0.03203125 0.128125
2 0.5046875 0.51640625 0.0328125 0.128125
2 0.71875 0.44765625 0.0296875 0.08984375
2 0.6765625 0.34921875 0.02890625 0.10390625
2 0.77265625 0.3890625 0.02734375 0.0875
2 0.77421875 0.28125 0.0296875 0.09140625
2 0.8140625 0.38828125 0.03359375 0.08671875
3 0.94453125 0.4859375 0.0265625 0.11328125
0 0.8328125 0.51875 0.0078125 0.01796875
2 0.821875 0.5203125 0.0265625 0.10703125
2 0.4140625 0.671875 0.03984375 0.12578125
2 0.3703125 0.61796875 0.03203125 0.11328125
2 0.33515625 0.65859375 0.0234375 0.1234375
2 0.290625 0.67265625 0.021875 0.1328125
2 0.1890625 0.76328125 0.02734375 0.13984375
2 0.203125 0.87734375 0.04140625 0.134375