3 0.0359375 0.2453125 0.0203125 0.0859375
2 0.05 0.37421875 0.021875 0.09765625
2 0.1984375 0.29453125 0.028125 0.084375
2 0.246875 0.3609375 0.021875 0.09140625
3 0.3578125 0.48046875 0.025 0.1015625
2 0.40390625 0.59140625 0.02734375 0.11171875
2 0.50625 0.3234375 0.01796875 0.090625
2 0.525 0.35703125 0.0171875 0.1
2 0.5546875 0.26953125 0.0234375 0.08515625
2 0.578125 0.62265625 0.03125 0.1078125
2 0.69921875 0.31484375 0.02421875 0.0796875
2 0.8046875 0.29140625 0.03359375 0.0765625
0 0.79140625 0.325 0.0078125 0.02265625
2 0.81640625 0.63046875 0.03203125 0.10859375
2 0.9640625 0.3796875 0.0328125 0.103125
2 0.475 0.81171875 0.03203125 0.13359375