3 0.3546875 0.534375 0.01640625 0.128125
2 0.0171875 0.775 0.02890625 0.15078125
2 0.17109375 0.59375 0.03203125 0.1171875
2 0.3921875 0.64453125 0.03125 0.0890625
2 0.565625 0.5078125 0.0234375 0.10703125
2 0.52109375 0.46171875 0.034375 0.084375
2 0.4796875 0.4328125 0.02578125 0.090625
2 0.17578125 0.38046875 0.02578125 0.084375
2 0.28359375 0.41328125 0.01796875 0.08125
2 0.26953125 0.37265625 0.01484375 0.06953125
2 0.21640625 0.4328125 0.01875 0.07421875
0 0.2234375 0.4703125 0.00703125 0.0140625
2 0.6875 0.5734375 0.021875 0.09375
2 0.66640625 0.59765625 0.02109375 0.0765625
2 0.68828125 0.63046875 0.0296875 0.1