3 0.965625 0.14140625 0.01953125 0.04609375
3 0.45546875 0.25625 0.01328125 0.0515625
0 0.53046875 0.22109375 0.00703125 0.01328125
3 0.0609375 0.57421875 0.01875 0.09296875
2 0.21953125 0.5328125 0.03125 0.07578125
2 0.05703125 0.321875 0.01796875 0.0625
2 0.08828125 0.18046875 0.015625 0.05859375
2 0.05078125 0.2546875 0.0171875 0.06015625
2 0.0125 0.309375 0.02265625 0.065625
2 0.20234375 0.153125 0.01328125 0.05
2 0.246875 0.23203125 0.015625 0.06171875
2 0.503125 0.1390625 0.01484375 0.04921875
2 0.4265625 0.14921875 0.01640625 0.053125
2 0.371875 0.2234375 0.01953125 0.0578125
2 0.41484375 0.26796875 0.025 0.0484375
2 0.41484375 0.2359375 0.01640625 0.05078125
2 0.51171875 0.25234375 0.01171875 0.05234375
2 0.525 0.2484375 0.0140625 0.04453125
2 0.640625 0.22734375 0.01953125 0.05234375
2 0.7375 0.2953125 0.01640625 0.05234375
2 0.74921875 0.28515625 0.01328125 0.05
2 0.59140625 0.37890625 0.01640625 0.06328125
2 0.57421875 0.45703125 0.02890625 0.0765625