0 0.4734375 0.52890625 0.00703125 0.01328125
2 0.459375 0.63203125 0.01875 0.0875
2 0.4921875 0.5015625 0.028125 0.06328125
2 0.5015625 0.4890625 0.0328125 0.05859375
3 0.61875 0.22890625 0.0171875 0.04921875
3 0.85703125 0.5359375 0.01640625 0.07734375
2 0.9921875 0.4296875 0.01484375 0.06640625
2 0.896875 0.57109375 0.02421875 0.0875
2 0.73125 0.6234375 0.03828125 0.075
2 0.81953125 0.48671875 0.040625 0.07265625
2 0.7765625 0.4421875 0.03046875 0.05859375
2 0.815625 0.39609375 0.02109375 0.0703125
2 0.5484375 0.85625 0.04296875 0.0921875