1 0.25234375 0.4359375 0.02578125 0.07890625
2 0.3921875 0.7890625 0.02734375 0.12109375
2 0.70625 0.8390625 0.03046875 0.128125
2 0.7125 0.578125 0.03046875 0.1046875
2 0.7171875 0.4828125 0.025 0.09609375
2 0.53671875 0.5140625 0.0234375 0.11015625
2 0.60625 0.4765625 0.028125 0.09296875
2 0.68203125 0.49296875 0.0265625 0.09140625
2 0.69296875 0.44375 0.02578125 0.0859375
0 0.675 0.48125 0.00859375 0.02109375
2 0.8078125 0.46171875 0.0296875 0.1
2 0.825 0.42578125 0.021875 0.09453125
2 0.84921875 0.30625 0.0328125 0.08046875
3 0.86875 0.58828125 0.02890625 0.1015625
3 0.8703125 0.1484375 0.01484375 0.08046875