3 0.7203125 0.55703125 0.0171875 0.09453125
2 0.9109375 0.41171875 0.02109375 0.07109375
2 0.83046875 0.56953125 0.03203125 0.09921875
2 0.9015625 0.7453125 0.05078125 0.1140625
2 0.634375 0.6140625 0.025 0.08984375
2 0.4109375 0.61484375 0.02734375 0.08203125
2 0.41484375 0.5578125 0.03046875 0.0734375
2 0.446875 0.5453125 0.02578125 0.0828125
2 0.5390625 0.51796875 0.01953125 0.08671875
2 0.57265625 0.48828125 0.0234375 0.065625
2 0.5921875 0.4671875 0.0125 0.07578125
2 0.76015625 0.4015625 0.01484375 0.07265625
2 0.7609375 0.46484375 0.02421875 0.06875
2 0.7921875 0.47578125 0.03203125 0.06953125
0 0.78984375 0.51328125 0.00859375 0.01796875
1 0.06328125 0.54609375 0.0265625 0.084375