2 0.32421875 0.6859375 0.021875 0.10625
2 0.3875 0.6734375 0.0296875 0.09765625
2 0.43359375 0.690625 0.03515625 0.08984375
2 0.44609375 0.56640625 0.03046875 0.0734375
2 0.459375 0.48984375 0.02265625 0.0796875
2 0.5125 0.4640625 0.02890625 0.07734375
2 0.584375 0.5140625 0.03515625 0.0734375
2 0.6046875 0.54609375 0.02421875 0.0625
2 0.64453125 0.60546875 0.01875 0.08984375
2 0.82421875 0.828125 0.02109375 0.10859375
3 0.8296875 0.6046875 0.028125 0.090625
2 0.84609375 0.54765625 0.02578125 0.0875
2 0.940625 0.66640625 0.02734375 0.10078125
3 0.68359375 0.240625 0.021875 0.06484375
0 0.60859375 0.56796875 0.00703125 0.01875