2 0.9484375 0.55546875 0.0203125 0.11015625
2 0.8453125 0.3640625 0.02734375 0.09609375
2 0.7109375 0.35390625 0.0265625 0.08515625
2 0.6890625 0.2984375 0.0203125 0.084375
3 0.87890625 0.24609375 0.021875 0.08046875
3 0.5890625 0.5140625 0.025 0.10625
2 0.52265625 0.61484375 0.02109375 0.109375
2 0.38046875 0.6828125 0.025 0.09921875
2 0.3859375 0.3671875 0.0234375 0.0953125
2 0.33828125 0.359375 0.0234375 0.09609375
2 0.35625 0.2734375 0.01953125 0.075
2 0.2625 0.3140625 0.04765625 0.065625
2 0.11484375 0.296875 0.0265625 0.09140625
0 0.11640625 0.33125 0.00859375 0.02109375
2 0.10234375 0.65390625 0.02421875 0.12734375
2 0.44375 0.84296875 0.02109375 0.12265625