2 0.97890625 0.515625 0.0140625 0.078125
2 0.8984375 0.81640625 0.02734375 0.10625
2 0.7359375 0.60546875 0.02734375 0.084375
2 0.634375 0.40859375 0.021875 0.06640625
2 0.52890625 0.52734375 0.02109375 0.08359375
2 0.575 0.59609375 0.015625 0.08203125
2 0.578125 0.715625 0.01796875 0.1015625
2 0.45390625 0.453125 0.01171875 0.0671875
2 0.46328125 0.5296875 0.015625 0.08125
2 0.43828125 0.571875 0.015625 0.071875
2 0.3828125 0.4734375 0.01875 0.0703125
2 0.35546875 0.534375 0.02890625 0.071875
2 0.30703125 0.59609375 0.0234375 0.07265625
2 0.30234375 0.5515625 0.01015625 0.05546875
2 0.3015625 0.53359375 0.015625 0.06875
2 0.2484375 0.62265625 0.01796875 0.08671875
2 0.7484375 0.46328125 0.02109375 0.0640625
0 0.75 0.4875 0.0078125 0.009375
3 0.61875 0.5390625 0.015625 0.0734375