2 0.890625 0.40390625 0.028125 0.1
0 0.72421875 0.3828125 0.00859375 0.015625
3 0.59609375 0.54609375 0.021875 0.109375
2 0.7421875 0.69296875 0.04609375 0.13828125
2 0.66171875 0.34375 0.02421875 0.075
2 0.6921875 0.3609375 0.0203125 0.07734375
2 0.69921875 0.33671875 0.01796875 0.07578125
2 0.54765625 0.43984375 0.02265625 0.09453125
2 0.5046875 0.465625 0.025 0.0921875
2 0.3265625 0.5046875 0.0328125 0.10390625
2 0.1171875 0.66328125 0.04453125 0.1125
2 0.17578125 0.5625 0.02578125 0.10703125
2 0.19453125 0.5671875 0.028125 0.08359375