1 0.71875 0.37421875 0.015625 0.04765625
0 0.66171875 0.4 0.00703125 0.0265625
3 0.5265625 0.13359375 0.0203125 0.040625
2 0.48203125 0.33125 0.02265625 0.06484375
2 0.303125 0.20625 0.01640625 0.059375
2 0.3828125 0.4578125 0.02421875 0.0859375
2 0.41796875 0.3296875 0.01875 0.0640625
2 0.42109375 0.371875 0.02265625 0.0625
2 0.4015625 0.41484375 0.0265625 0.071875
3 0.1140625 0.31328125 0.01875 0.0765625
2 0.22109375 0.35546875 0.01953125 0.06953125
2 0.15703125 0.3203125 0.01484375 0.06640625
2 0.021875 0.38671875 0.02578125 0.096875