2 0.22421875 0.50859375 0.0203125 0.08515625
0 0.246875 0.4625 0.01015625 0.01796875
2 0.29140625 0.58046875 0.03125 0.078125
2 0.35390625 0.42734375 0.0265625 0.071875
2 0.4703125 0.63828125 0.046875 0.08671875
2 0.478125 0.59765625 0.0234375 0.09375
2 0.5171875 0.5265625 0.0234375 0.103125
1 0.54609375 0.4625 0.02109375 0.09921875
2 0.55546875 0.4359375 0.0171875 0.09375
2 0.64609375 0.54375 0.0265625 0.103125
2 0.8625 0.56796875 0.02109375 0.10546875
2 0.9671875 0.52265625 0.02265625 0.10234375
3 0.90390625 0.50859375 0.0390625 0.09765625
3 0.8109375 0.22109375 0.02265625 0.0609375