2 0.04453125 0.7125 0.0125 0.08515625
2 0.20703125 0.56484375 0.0171875 0.065625
2 0.3171875 0.528125 0.01171875 0.05703125
2 0.203125 0.415625 0.0125 0.05390625
2 0.25 0.3640625 0.0140625 0.046875
2 0.3359375 0.3578125 0.01484375 0.04921875
2 0.40546875 0.4078125 0.0125 0.05078125
2 0.44765625 0.4015625 0.0125 0.053125
2 0.40703125 0.33828125 0.0109375 0.0421875
2 0.53984375 0.321875 0.0109375 0.04453125
2 0.5515625 0.3640625 0.01171875 0.04140625
3 0.41953125 0.26796875 0.00625 0.0375
3 0.646875 0.471875 0.01796875 0.05546875
2 0.628125 0.31953125 0.009375 0.0390625
2 0.61796875 0.39609375 0.015625 0.0453125
2 0.65390625 0.365625 0.01171875 0.04375
2 0.5890625 0.4921875 0.0125 0.04765625
2 0.79296875 0.39375 0.01328125 0.04765625
2 0.79765625 0.45 0.01953125 0.053125
2 0.840625 0.4625 0.01640625 0.053125
2 0.8453125 0.5390625 0.025 0.06640625
3 0.6453125 0.846875 0.034375 0.08984375
2 0.5046875 0.71015625 0.02109375 0.06640625
0 0.51171875 0.73125 0.00859375 0.015625
2 0.58984375 0.70859375 0.02265625 0.078125