2 0.85234375 0.2765625 0.025 0.0796875
3 0.759375 0.12265625 0.01640625 0.0671875
2 0.92109375 0.475 0.03046875 0.09375
2 0.57109375 0.2046875 0.01640625 0.07265625
2 0.54296875 0.3484375 0.015625 0.07578125
2 0.6234375 0.52421875 0.01953125 0.09765625
2 0.5328125 0.58046875 0.02109375 0.08984375
2 0.48125 0.71015625 0.02109375 0.09609375
2 0.80234375 0.80703125 0.02890625 0.11171875
0 0.77734375 0.85546875 0.00859375 0.01875
2 0.28671875 0.46015625 0.0234375 0.08359375
3 0.20859375 0.496875 0.01796875 0.08984375
2 0.23671875 0.353125 0.02265625 0.08359375
2 0.209375 0.26015625 0.01640625 0.07265625
2 0.0140625 0.33828125 0.02421875 0.08515625
2 0.1234375 0.165625 0.0234375 0.07421875
2 0.05625 0.9453125 0.028125 0.109375