2 0.109375 0.40390625 0.028125 0.1
0 0.27578125 0.3828125 0.00859375 0.015625
3 0.40390625 0.54609375 0.021875 0.109375
2 0.2578125 0.69296875 0.04609375 0.13828125
2 0.33828125 0.34375 0.02421875 0.075
2 0.3078125 0.3609375 0.0203125 0.07734375
2 0.30078125 0.33671875 0.01796875 0.07578125
2 0.45234375 0.43984375 0.02265625 0.09453125
2 0.4953125 0.465625 0.025 0.0921875
2 0.6734375 0.5046875 0.0328125 0.10390625
2 0.8828125 0.66328125 0.04453125 0.1125
2 0.82421875 0.5625 0.02578125 0.10703125
2 0.80546875 0.5671875 0.028125 0.08359375