2 0.23671875 0.66484375 0.0234375 0.13203125
2 0.6921875 0.6796875 0.02734375 0.128125
2 0.40546875 0.44140625 0.01875 0.09453125
2 0.46484375 0.42734375 0.01796875 0.09921875
2 0.48671875 0.3375 0.0171875 0.0875
2 0.5109375 0.38359375 0.01875 0.0984375
2 0.53828125 0.27265625 0.01953125 0.08046875
2 0.64140625 0.41796875 0.02890625 0.0796875
3 0.56171875 0.52265625 0.02578125 0.09921875
3 0.48671875 0.23046875 0.01796875 0.08046875
2 0.68046875 0.3890625 0.028125 0.08671875
2 0.7296875 0.4390625 0.03515625 0.0875
2 0.76875 0.30390625 0.0203125 0.0734375
2 0.7796875 0.3765625 0.0265625 0.075
2 0.80625 0.38515625 0.034375 0.0796875
0 0.69140625 0.4453125 0.009375 0.01640625
2 0.9921875 0.53984375 0.015625 0.10703125
2 0.1 0.97734375 0.01953125 0.04453125