2 0.05390625 0.371875 0.0265625 0.115625
2 0.03125 0.6046875 0.04140625 0.09296875
2 0.1703125 0.49609375 0.03203125 0.125
2 0.084375 0.60078125 0.0265625 0.121875
2 0.08828125 0.67734375 0.040625 0.13359375
2 0.23515625 0.55234375 0.0234375 0.13359375
2 0.2875 0.47890625 0.03359375 0.115625
2 0.27109375 0.6453125 0.0390625 0.1171875
2 0.3359375 0.55390625 0.01953125 0.1125
2 0.346875 0.64375 0.0296875 0.13828125
2 0.39296875 0.52265625 0.02890625 0.10703125
2 0.45703125 0.71171875 0.03359375 0.13125
2 0.6703125 0.68671875 0.04296875 0.11875
1 0.68046875 0.56171875 0.03359375 0.059375
0 0.81171875 0.5015625 0.0171875 0.02421875