2 0.97578125 0.521875 0.01875 0.1140625
2 0.94609375 0.51640625 0.02421875 0.103125
2 0.9109375 0.3765625 0.0140625 0.10078125
2 0.73828125 0.28203125 0.0265625 0.0984375
2 0.70078125 0.36484375 0.02265625 0.09296875
2 0.5171875 0.55859375 0.028125 0.1171875
2 0.46015625 0.77734375 0.040625 0.1296875
2 0.328125 0.546875 0.03046875 0.11484375
2 0.11953125 0.60703125 0.03671875 0.1234375
2 0.1875 0.3015625 0.0328125 0.0796875
2 0.2578125 0.30546875 0.034375 0.0765625
2 0.3921875 0.2578125 0.028125 0.0828125
2 0.46015625 0.3359375 0.0265625 0.0953125
2 0.5265625 0.2859375 0.03125 0.0859375
3 0.56640625 0.4625 0.025 0.0984375
0 0.34296875 0.29375 0.01171875 0.01953125
3 0.871875 0.23046875 0.02109375 0.078125