0 0.2984375 0.52578125 0.0125 0.0203125
2 0.3640625 0.6796875 0.034375 0.121875
2 0.56015625 0.70390625 0.04921875 0.11796875
2 0.79765625 0.85234375 0.02890625 0.13671875
2 0.68671875 0.62578125 0.02421875 0.11796875
2 0.5234375 0.56953125 0.02734375 0.11328125
2 0.5703125 0.4765625 0.02421875 0.1125
2 0.7046875 0.5265625 0.025 0.11953125
2 0.73515625 0.55703125 0.02421875 0.12109375
1 0.59375 0.46015625 0.015625 0.10859375
3 0.865625 0.609375 0.02890625 0.11328125
3 0.8828125 0.1640625 0.03046875 0.07734375
2 0.96640625 0.43203125 0.0265625 0.11171875
2 0.59296875 0.33515625 0.04375 0.0859375