0 0.15390625 0.60078125 0.0109375 0.0265625
2 0.159375 0.5265625 0.02265625 0.09296875
2 0.2375 0.3421875 0.02734375 0.078125
2 0.4140625 0.559375 0.0203125 0.090625
2 0.13984375 0.85703125 0.0296875 0.11328125
3 0.3265625 0.1859375 0.0203125 0.06484375
2 0.51875 0.26796875 0.01484375 0.0703125
2 0.51015625 0.4015625 0.02109375 0.0859375
2 0.5875 0.59375 0.021875 0.096875
2 0.65 0.7078125 0.02109375 0.109375
2 0.76484375 0.5015625 0.02109375 0.07734375
2 0.821875 0.4234375 0.01640625 0.084375
2 0.8546875 0.3359375 0.0171875 0.08046875
2 0.97578125 0.2375 0.0203125 0.075
3 0.896875 0.56328125 0.021875 0.09453125