2 0.0421875 0.415625 0.02578125 0.053125
3 0.09453125 0.55703125 0.02890625 0.08046875
2 0.08046875 0.47734375 0.0140625 0.0546875
2 0.09609375 0.58671875 0.01640625 0.07734375
2 0.165625 0.55703125 0.0140625 0.084375
2 0.16328125 0.48828125 0.01640625 0.07578125
2 0.2703125 0.47890625 0.01328125 0.0703125
2 0.2984375 0.559375 0.03515625 0.07109375
2 0.3359375 0.48359375 0.021875 0.06796875
2 0.38984375 0.48828125 0.0140625 0.0734375
2 0.41640625 0.559375 0.02109375 0.06953125
2 0.43359375 0.59296875 0.01484375 0.08125
2 0.4859375 0.6 0.01484375 0.07578125
2 0.49453125 0.5359375 0.009375 0.07421875
1 0.66953125 0.49453125 0.01171875 0.07109375
0 0.67734375 0.478125 0.00546875 0.0125
2 0.16328125 0.71875 0.0203125 0.09921875