1 0.01484375 0.39765625 0.0296875 0.06484375
2 0.23046875 0.32734375 0.01875 0.06484375
2 0.346875 0.3765625 0.02109375 0.05546875
0 0.3453125 0.39609375 0.0078125 0.0140625
3 0.18515625 0.165625 0.0171875 0.04921875
2 0.4375 0.215625 0.015625 0.04453125
3 0.665625 0.3203125 0.02265625 0.05703125
2 0.40859375 0.40625 0.0265625 0.06171875
2 0.4515625 0.43125 0.0265625 0.06640625
2 0.40390625 0.4953125 0.03203125 0.08046875
2 0.5328125 0.37890625 0.03046875 0.0546875
2 0.60234375 0.33515625 0.02109375 0.05703125
2 0.63828125 0.3890625 0.02421875 0.0625
2 0.67578125 0.1828125 0.0125 0.046875
2 0.69921875 0.328125 0.025 0.065625
2 0.73984375 0.36875 0.015625 0.06875
2 0.78203125 0.39921875 0.02109375 0.07421875
2 0.89921875 0.2078125 0.01484375 0.05234375
2 0.94609375 0.2140625 0.009375 0.0625