2 0.29453125 0.609375 0.02265625 0.1265625
2 0.34921875 0.57421875 0.0125 0.1140625
2 0.3609375 0.56875 0.01171875 0.121875
2 0.37265625 0.55703125 0.01171875 0.12265625
2 0.38515625 0.55 0.0109375 0.12890625
2 0.396875 0.54375 0.0125 0.125
2 0.4578125 0.521875 0.02890625 0.0984375
2 0.475 0.48203125 0.04921875 0.11171875
2 0.49921875 0.44609375 0.021875 0.0984375
2 0.5140625 0.4625 0.03359375 0.090625
2 0.55234375 0.41953125 0.025 0.1046875
2 0.63359375 0.421875 0.03359375 0.09765625
2 0.5875 0.75546875 0.03203125 0.121875
2 0.73203125 0.7609375 0.02734375 0.134375
2 0.81328125 0.72109375 0.021875 0.121875
0 0.60859375 0.77578125 0.0109375 0.0203125
3 0.76484375 0.68359375 0.02578125 0.12109375
3 0.85546875 0.08828125 0.02109375 0.0859375
2 0.98359375 0.4828125 0.02109375 0.11484375
2 0.95859375 0.56015625 0.01875 0.1234375
1 0.240625 0.4125 0.02734375 0.096875