2 0.9859375 0.5171875 0.01640625 0.06796875
2 0.7828125 0.4796875 0.0171875 0.0734375
2 0.86640625 0.38984375 0.01875 0.0703125
2 0.8140625 0.3265625 0.0203125 0.06015625
2 0.728125 0.3234375 0.01484375 0.059375
2 0.609375 0.31328125 0.01171875 0.0515625
2 0.62265625 0.37578125 0.01640625 0.0625
2 0.57421875 0.365625 0.01015625 0.0640625
3 0.60234375 0.2203125 0.01171875 0.0453125
2 0.521875 0.278125 0.01640625 0.04765625
2 0.49921875 0.4375 0.01171875 0.0515625
2 0.459375 0.34375 0.0125 0.05
2 0.45078125 0.31875 0.01015625 0.04453125
2 0.409375 0.31796875 0.01328125 0.0484375
3 0.3734375 0.39140625 0.01484375 0.05625
2 0.32109375 0.27265625 0.01015625 0.0421875
0 0.49453125 0.5453125 0.00703125 0.01484375
3 0.54609375 0.8875 0.01953125 0.09453125
2 0.55 0.821875 0.028125 0.08359375
2 0.428125 0.66875 0.01953125 0.07734375
2 0.2390625 0.340625 0.015625 0.0484375
2 0.25859375 0.4328125 0.0171875 0.06171875
2 0.22578125 0.42578125 0.02109375 0.065625
2 0.24375 0.48984375 0.021875 0.0703125