3 0.49453125 0.10703125 0.0265625 0.078125
3 0.93203125 0.46484375 0.0390625 0.12578125
2 0.840625 0.45 0.03671875 0.11796875
1 0.2515625 0.4296875 0.05 0.09765625
2 0.44921875 0.48984375 0.03125 0.10546875
2 0.53046875 0.6578125 0.03203125 0.1296875
2 0.58125 0.56171875 0.028125 0.1265625
2 0.59609375 0.471875 0.04921875 0.1046875
2 0.684375 0.521875 0.04453125 0.10703125
2 0.7140625 0.4859375 0.04296875 0.12109375
2 0.47421875 0.4203125 0.0296875 0.09921875
2 0.48359375 0.3953125 0.03203125 0.0828125
0 0.4640625 0.41796875 0.00703125 0.01484375