2 0.7703125 0.71953125 0.03125 0.11953125
2 0.98046875 0.50859375 0.03515625 0.1109375
2 0.82421875 0.33359375 0.03046875 0.08359375
2 0.7484375 0.38515625 0.02265625 0.08046875
2 0.71953125 0.31875 0.02421875 0.08125
2 0.665625 0.3125 0.0234375 0.08515625
2 0.7265625 0.47421875 0.03046875 0.1015625
2 0.57421875 0.32421875 0.02890625 0.08203125
0 0.63828125 0.37890625 0.01640625 0.021875
3 0.5703125 0.490625 0.028125 0.09609375
3 0.37421875 0.234375 0.0296875 0.078125
2 0.440625 0.35078125 0.02734375 0.08359375
2 0.325 0.42890625 0.02578125 0.10703125
2 0.27109375 0.465625 0.02578125 0.11015625
2 0.39609375 0.290625 0.0234375 0.084375
2 0.40390625 0.2625 0.02578125 0.07890625
2 0.16796875 0.75390625 0.034375 0.13359375