2 0.8171875 0.59765625 0.015625 0.0984375
0 0.7875 0.6265625 0.01484375 0.02578125
2 0.60234375 0.7609375 0.02421875 0.10546875
2 0.79765625 0.78828125 0.025 0.10859375
2 0.76953125 0.3375 0.025 0.0796875
2 0.68828125 0.41640625 0.025 0.0546875
2 0.4625 0.6453125 0.02578125 0.07890625
2 0.41171875 0.784375 0.04296875 0.09453125
2 0.38046875 0.49609375 0.025 0.090625
2 0.4734375 0.421875 0.0171875 0.08828125
2 0.34140625 0.346875 0.01796875 0.071875
2 0.38671875 0.18125 0.025 0.06640625
2 0.0609375 0.3640625 0.02734375 0.08671875
2 0.0265625 0.5421875 0.04296875 0.06875
2 0.18046875 0.58359375 0.01953125 0.0875
3 0.17109375 0.54140625 0.025 0.0796875