2 0.06875 0.36015625 0.021875 0.09140625
2 0.2359375 0.19140625 0.02421875 0.0765625
2 0.159375 0.5828125 0.02734375 0.11171875
2 0.296875 0.8890625 0.0484375 0.12421875
2 0.2703125 0.6515625 0.03203125 0.10234375
2 0.30078125 0.55234375 0.03359375 0.09921875
2 0.30390625 0.3890625 0.034375 0.06875
2 0.45078125 0.26875 0.0328125 0.078125
2 0.62265625 0.2609375 0.0265625 0.07578125
2 0.7515625 0.34609375 0.0421875 0.09296875
2 0.80859375 0.5109375 0.0328125 0.09140625
2 0.84921875 0.7234375 0.04296875 0.109375
2 0.74296875 0.55625 0.040625 0.0765625
2 0.5796875 0.38828125 0.03515625 0.08359375
2 0.490625 0.78984375 0.03046875 0.11640625
2 0.51875 0.90625 0.0359375 0.11328125
2 0.42109375 0.60078125 0.0328125 0.09140625
2 0.34453125 0.6453125 0.03046875 0.07734375
3 0.4484375 0.4921875 0.0265625 0.0921875
0 0.53984375 0.4796875 0.01171875 0.021875