2 0.84453125 0.95390625 0.02265625 0.09140625
2 0.81640625 0.8640625 0.025 0.1109375
2 0.6203125 0.8734375 0.02578125 0.1265625
2 0.76015625 0.69921875 0.028125 0.09609375
2 0.73671875 0.61171875 0.03203125 0.08671875
2 0.61328125 0.34296875 0.021875 0.06484375
2 0.54296875 0.3609375 0.02890625 0.0671875
2 0.55625 0.4828125 0.03203125 0.09140625
2 0.82421875 0.490625 0.021875 0.07578125
2 0.85703125 0.4734375 0.0265625 0.0859375
2 0.34921875 0.6421875 0.0265625 0.090625
2 0.43828125 0.52109375 0.04921875 0.0515625
2 0.32578125 0.5328125 0.0203125 0.0890625
0 0.340625 0.51171875 0.0109375 0.0234375
3 0.57734375 0.1921875 0.0265625 0.065625
3 0.69453125 0.5484375 0.02265625 0.0828125
2 0.99375 0.29609375 0.01171875 0.08515625