2 0.88515625 0.78984375 0.02890625 0.11640625
2 0.765625 0.68046875 0.0328125 0.0953125
2 0.8015625 0.509375 0.03125 0.07890625
2 0.7828125 0.49609375 0.02578125 0.09453125
2 0.7265625 0.453125 0.03203125 0.0734375
2 0.721875 0.415625 0.0359375 0.0640625
2 0.47265625 0.31875 0.0234375 0.071875
2 0.37578125 0.35390625 0.0234375 0.07578125
0 0.6875 0.4890625 0.01171875 0.01796875
3 0.378125 0.5109375 0.040625 0.08828125
2 0.296875 0.56015625 0.03515625 0.09921875
2 0.0203125 0.52109375 0.03984375 0.09765625
2 0.01484375 0.315625 0.028125 0.0765625