1 0.73984375 0.4859375 0.028125 0.053125
0 0.7203125 0.51953125 0.01953125 0.0265625
2 0.76328125 0.6296875 0.02421875 0.13359375
2 0.6359375 0.66484375 0.01953125 0.125
2 0.60703125 0.57578125 0.03515625 0.10390625
2 0.5578125 0.4609375 0.03046875 0.10625
2 0.50234375 0.43984375 0.03984375 0.1
2 0.5671875 0.60234375 0.0265625 0.128125
2 0.54609375 0.7421875 0.03671875 0.125
2 0.49609375 0.61875 0.028125 0.13046875
2 0.45078125 0.63828125 0.03984375 0.1234375
2 0.45078125 0.590625 0.03515625 0.11875
2 0.378125 0.5109375 0.0390625 0.11953125
2 0.37265625 0.4375 0.02890625 0.10859375
2 0.29765625 0.52734375 0.03359375 0.11328125
2 0.27109375 0.8078125 0.0296875 0.14765625
2 0.246875 0.571875 0.0375 0.10390625
2 0.02265625 0.75 0.0375 0.1296875
2 0.03828125 0.46953125 0.034375 0.1203125
3 0.21875 0.70859375 0.02734375 0.13671875
3 0.13125 0.109375 0.03125 0.0796875