1 0.340625 0.5109375 0.040625 0.07734375
0 0.39140625 0.49921875 0.0109375 0.015625
2 0.61953125 0.60703125 0.03203125 0.0875
2 0.61328125 0.54296875 0.0328125 0.0828125
2 0.73203125 0.5203125 0.01796875 0.0859375
2 0.87421875 0.5984375 0.02578125 0.0703125
2 0.89453125 0.578125 0.01796875 0.096875
2 0.82890625 0.60546875 0.0265625 0.09609375
2 0.80546875 0.60546875 0.02421875 0.09453125
2 0.7640625 0.5984375 0.0265625 0.09140625
2 0.7671875 0.49140625 0.0234375 0.075
2 0.75078125 0.52578125 0.01640625 0.0875
2 0.8375 0.4734375 0.01484375 0.07890625
2 0.8375 0.465625 0.0359375 0.08046875
3 0.9609375 0.60078125 0.01953125 0.10625