3 0.48671875 0.46484375 0.0359375 0.08828125
2 0.93125 0.615625 0.0296875 0.11796875
2 0.76171875 0.49921875 0.028125 0.09921875
2 0.6296875 0.7578125 0.03828125 0.12734375
2 0.55625 0.525 0.02421875 0.1125
2 0.55390625 0.32265625 0.021875 0.08984375
2 0.73828125 0.30390625 0.03046875 0.08671875
2 0.775 0.33046875 0.028125 0.0875
2 0.65703125 0.265625 0.04140625 0.07109375
0 0.65078125 0.29140625 0.0078125 0.01640625
2 0.43984375 0.26328125 0.0328125 0.071875
2 0.36484375 0.3671875 0.02578125 0.0890625
2 0.3171875 0.2765625 0.0234375 0.0859375
2 0.159375 0.375 0.0296875 0.09609375
2 0.13359375 0.52421875 0.0359375 0.09921875
2 0.12109375 0.5015625 0.040625 0.09609375
3 0.1875 0.2296875 0.025 0.08515625