2 0.2375 0.4234375 0.01640625 0.0515625
0 0.23515625 0.43515625 0.0078125 0.01328125
1 0.3265625 0.48515625 0.03828125 0.02421875
2 0.38828125 0.521875 0.0140625 0.071875
2 0.425 0.46328125 0.0140625 0.06484375
2 0.5078125 0.4546875 0.01640625 0.0671875
2 0.559375 0.34296875 0.015625 0.059375
2 0.6515625 0.50625 0.0140625 0.06796875
2 0.63671875 0.4171875 0.01484375 0.065625
3 0.64453125 0.28125 0.01015625 0.04453125
3 0.75 0.46171875 0.01796875 0.06796875
2 0.71640625 0.4765625 0.01328125 0.06484375
2 0.79765625 0.45546875 0.01875 0.06953125
2 0.9109375 0.56796875 0.0203125 0.08828125
2 0.78984375 0.553125 0.01484375 0.07734375
2 0.7890625 0.53828125 0.021875 0.06015625
2 0.85625 0.78125 0.01796875 0.10703125
2 0.74296875 0.81328125 0.02265625 0.090625