2 0.50078125 0.28515625 0.0265625 0.07265625
2 0.5359375 0.4328125 0.028125 0.09609375
2 0.315625 0.3171875 0.02421875 0.084375
2 0.665625 0.434375 0.03046875 0.09140625
2 0.7359375 0.35390625 0.03125 0.0734375
2 0.4421875 0.6828125 0.01875 0.1140625
2 0.5828125 0.74609375 0.0265625 0.11484375
2 0.47265625 0.91640625 0.02265625 0.1296875
3 0.36640625 0.60390625 0.0265625 0.11484375
3 0.12109375 0.253125 0.02265625 0.08828125
2 0.08828125 0.38671875 0.02890625 0.0890625
2 0.0578125 0.39453125 0.02890625 0.09765625
2 0.01484375 0.58671875 0.02734375 0.11484375
2 0.85625 0.6828125 0.03203125 0.12265625
2 0.890625 0.41953125 0.028125 0.0921875
2 0.825 0.3296875 0.03515625 0.09453125
0 0.803125 0.35390625 0.00859375 0.01875