3 0.596875 0.51328125 0.0265625 0.08828125
0 0.359375 0.49453125 0.01328125 0.02109375
3 0.44375 0.13984375 0.0296875 0.05546875
2 0.98359375 0.61484375 0.028125 0.103125
2 0.74453125 0.915625 0.034375 0.11171875
2 0.8640625 0.7078125 0.03515625 0.10546875
2 0.825 0.559375 0.02890625 0.1
2 0.7328125 0.42421875 0.0234375 0.09296875
2 0.84921875 0.24296875 0.021875 0.06953125
2 0.628125 0.58359375 0.03515625 0.0796875
2 0.678125 0.65390625 0.03203125 0.09609375
2 0.6296875 0.8140625 0.0328125 0.115625
2 0.5140625 0.8796875 0.03515625 0.12890625
2 0.246875 0.659375 0.040625 0.09296875
2 0.25703125 0.5546875 0.03984375 0.090625
2 0.28671875 0.50546875 0.0359375 0.0796875
2 0.42578125 0.4265625 0.05546875 0.07421875
2 0.45234375 0.32109375 0.034375 0.06875
2 0.54609375 0.2921875 0.02265625 0.07265625
2 0.58125 0.42890625 0.0234375 0.078125