3 0.05703125 0.46875 0.03046875 0.0859375
2 0.06640625 0.65546875 0.03515625 0.12734375
0 0.1828125 0.5859375 0.01484375 0.0234375
2 0.15546875 0.52421875 0.0359375 0.08515625
2 0.23828125 0.4953125 0.034375 0.09140625
2 0.2203125 0.2765625 0.0265625 0.09765625
2 0.31875 0.35390625 0.028125 0.1046875
2 0.31171875 0.42109375 0.0265625 0.096875
2 0.3328125 0.43203125 0.021875 0.10234375
2 0.45078125 0.51875 0.02265625 0.1109375
2 0.40078125 0.603125 0.02890625 0.10859375
2 0.3546875 0.68515625 0.028125 0.115625
2 0.5671875 0.6203125 0.0265625 0.12109375
2 0.5984375 0.6578125 0.03515625 0.125
2 0.62890625 0.6578125 0.03125 0.134375
2 0.75 0.746875 0.0375 0.13203125
2 0.78203125 0.86171875 0.046875 0.1296875
2 0.6015625 0.59921875 0.0234375 0.09921875