2 0.1484375 0.96015625 0.034375 0.0796875
2 0.3265625 0.62265625 0.02890625 0.1125
2 0.684375 0.640625 0.040625 0.10546875
2 0.7265625 0.434375 0.02578125 0.0765625
2 0.68359375 0.40625 0.0375 0.09609375
2 0.66484375 0.25390625 0.01875 0.071875
3 0.590625 0.2140625 0.02109375 0.07734375
2 0.57890625 0.31796875 0.021875 0.07734375
3 0.64140625 0.5328125 0.025 0.09765625
2 0.65390625 0.45234375 0.0234375 0.08046875
0 0.65703125 0.490625 0.0078125 0.01640625
2 0.53671875 0.39453125 0.0296875 0.07890625
2 0.51015625 0.453125 0.025 0.0796875
2 0.52578125 0.4265625 0.03359375 0.0765625
2 0.853125 0.3921875 0.025 0.09375
2 0.85859375 0.28984375 0.021875 0.07734375
2 0.9640625 0.39296875 0.02109375 0.0875