2 0.02109375 0.515625 0.0140625 0.078125
2 0.1015625 0.81640625 0.02734375 0.10625
2 0.2640625 0.60546875 0.02734375 0.084375
2 0.365625 0.40859375 0.021875 0.06640625
2 0.47109375 0.52734375 0.02109375 0.08359375
2 0.425 0.59609375 0.015625 0.08203125
2 0.421875 0.715625 0.01796875 0.1015625
2 0.54609375 0.453125 0.01171875 0.0671875
2 0.53671875 0.5296875 0.015625 0.08125
2 0.56171875 0.571875 0.015625 0.071875
2 0.6171875 0.4734375 0.01875 0.0703125
2 0.64453125 0.534375 0.02890625 0.071875
2 0.69296875 0.59609375 0.0234375 0.07265625
2 0.69765625 0.5515625 0.01015625 0.05546875
2 0.6984375 0.53359375 0.015625 0.06875
2 0.7515625 0.62265625 0.01796875 0.08671875
2 0.2515625 0.46328125 0.02109375 0.0640625
0 0.25 0.4875 0.0078125 0.009375
3 0.38125 0.5390625 0.015625 0.0734375