2 0.2015625 0.7078125 0.03671875 0.1203125
2 0.34296875 0.4484375 0.02421875 0.10625
2 0.39375 0.428125 0.02734375 0.1
2 0.425 0.3265625 0.02578125 0.08359375
2 0.44453125 0.27421875 0.0203125 0.08828125
3 0.43515625 0.2375 0.01796875 0.07890625
2 0.4921875 0.36796875 0.02578125 0.08828125
3 0.56875 0.51171875 0.028125 0.10234375
2 0.72890625 0.4546875 0.02890625 0.10390625
2 0.65 0.3203125 0.028125 0.075
2 0.66171875 0.3421875 0.02421875 0.08671875
2 0.678125 0.3734375 0.02265625 0.08203125
2 0.79765625 0.3671875 0.02421875 0.08046875
2 0.7796875 0.3796875 0.02578125 0.0765625
0 0.7671875 0.4109375 0.01015625 0.01328125
2 0.73125 0.69921875 0.0296875 0.11875
2 0.9875 0.528125 0.02421875 0.10625