2 0.071875 0.2984375 0.0171875 0.06171875
2 0.10546875 0.31796875 0.02109375 0.07265625
2 0.17109375 0.4234375 0.021875 0.08515625
2 0.3234375 0.371875 0.0203125 0.0703125
2 0.35625 0.45078125 0.02890625 0.08203125
2 0.4921875 0.41171875 0.0234375 0.08359375
2 0.57578125 0.4609375 0.02421875 0.0578125
2 0.38984375 0.55234375 0.03359375 0.0734375
3 0.36953125 0.58203125 0.01796875 0.09296875
2 0.5453125 0.63203125 0.03671875 0.08046875
0 0.54296875 0.6578125 0.0078125 0.01328125
2 0.634375 0.47421875 0.02890625 0.0671875
2 0.63984375 0.56171875 0.03359375 0.06875
1 0.77578125 0.51875 0.0203125 0.0609375
2 0.41171875 0.665625 0.02890625 0.08671875