0 0.35625 0.565625 0.009375 0.01484375
1 0.3421875 0.55234375 0.046875 0.05078125
2 0.2609375 0.55078125 0.03515625 0.13125
2 0.2875 0.559375 0.0265625 0.121875
2 0.2921875 0.67265625 0.04375 0.1375
2 0.3515625 0.71640625 0.034375 0.140625
2 0.421875 0.69453125 0.03984375 0.11875
2 0.428125 0.58046875 0.03828125 0.11640625
2 0.43046875 0.49296875 0.04609375 0.11953125
2 0.5390625 0.5328125 0.03046875 0.13359375
2 0.590625 0.7671875 0.05078125 0.11953125
2 0.7296875 0.46796875 0.04375 0.11796875
2 0.84140625 0.56015625 0.0375 0.125
2 0.771875 0.7171875 0.040625 0.1125
2 0.86796875 0.696875 0.0609375 0.1046875
2 0.94921875 0.628125 0.046875 0.11875
2 0.93828125 0.88125 0.06015625 0.140625
3 0.884375 0.6671875 0.0359375 0.1234375
3 0.8640625 0.090625 0.01953125 0.096875