2 0.83125 0.45625 0.0296875 0.09453125
3 0.8640625 0.55625 0.0265625 0.0953125
3 0.80078125 0.165625 0.01953125 0.06640625
2 0.80546875 0.30078125 0.0171875 0.08359375
2 0.7921875 0.4125 0.0265625 0.0921875
2 0.75703125 0.58359375 0.03515625 0.09296875
2 0.7671875 0.50078125 0.04453125 0.0890625
2 0.7671875 0.475 0.03984375 0.08359375
2 0.57265625 0.43125 0.02890625 0.084375
2 0.546875 0.53828125 0.03671875 0.09921875
2 0.625 0.4546875 0.0265625 0.09921875
0 0.6296875 0.49453125 0.009375 0.01875
2 0.3703125 0.85703125 0.02578125 0.13046875
2 0.79296875 0.91875 0.04296875 0.12265625
1 0.140625 0.44921875 0.03359375 0.0890625