0 0.696875 0.3078125 0.0109375 0.009375
2 0.67890625 0.28359375 0.028125 0.0640625
2 0.67421875 0.4015625 0.028125 0.08828125
2 0.7859375 0.39921875 0.028125 0.08359375
2 0.7890625 0.32265625 0.0203125 0.078125
2 0.68125 0.70859375 0.0296875 0.1171875
2 0.59609375 0.88125 0.0296875 0.13203125
2 0.5375 0.64609375 0.02109375 0.1140625
3 0.478125 0.56015625 0.02109375 0.11171875
2 0.8875 0.30703125 0.02109375 0.08984375
2 0.9625 0.68203125 0.0328125 0.125
3 0.19609375 0.24921875 0.02265625 0.0859375
2 0.05390625 0.559375 0.0265625 0.11640625
2 0.10546875 0.5625 0.01953125 0.10703125
2 0.19296875 0.35859375 0.02734375 0.090625
2 0.2578125 0.35390625 0.028125 0.08046875
2 0.41953125 0.30859375 0.025 0.0890625