1 0.7140625 0.51328125 0.021875 0.0671875
0 0.56796875 0.54609375 0.01953125 0.02109375
2 0.53984375 0.525 0.028125 0.08671875
2 0.575 0.6359375 0.0203125 0.09296875
2 0.4375 0.4828125 0.03828125 0.08125
2 0.3296875 0.54765625 0.040625 0.078125
2 0.32109375 0.48125 0.0296875 0.078125
2 0.19296875 0.94609375 0.03828125 0.10703125
2 0.08359375 0.825 0.0375 0.10625
2 0.08203125 0.71328125 0.03828125 0.09609375
2 0.17734375 0.6484375 0.028125 0.06953125
3 0.1890625 0.653125 0.0359375 0.0953125
3 0.28203125 0.2625 0.01796875 0.06953125