2 0.9375 0.5046875 0.02109375 0.08671875
3 0.62734375 0.53203125 0.0203125 0.075
0 0.71484375 0.48359375 0.00703125 0.0125
2 0.7265625 0.45234375 0.0234375 0.06328125
2 0.79765625 0.59296875 0.01484375 0.078125
2 0.6046875 0.5875 0.015625 0.07578125
2 0.54609375 0.53125 0.01875 0.075
2 0.6484375 0.396875 0.0171875 0.0546875
2 0.56640625 0.71328125 0.01640625 0.0921875
2 0.88828125 0.8 0.02734375 0.09921875
2 0.49375 0.5109375 0.01640625 0.0734375
2 0.453125 0.4546875 0.02109375 0.0671875
2 0.40234375 0.47578125 0.0140625 0.06953125
2 0.3578125 0.5109375 0.01328125 0.07265625
2 0.44140625 0.58125 0.01640625 0.0734375
2 0.259375 0.61015625 0.02265625 0.084375
2 0.309375 0.59375 0.01328125 0.07734375
2 0.30234375 0.5703125 0.0140625 0.0578125
2 0.30234375 0.54375 0.01484375 0.0640625
1 0.021875 0.5265625 0.0328125 0.084375