2 0.9296875 0.27421875 0.01953125 0.0484375
2 0.771875 0.3640625 0.01640625 0.06171875
2 0.71171875 0.4953125 0.021875 0.07890625
2 0.66953125 0.40546875 0.02109375 0.0546875
0 0.7 0.3890625 0.00625 0.015625
2 0.70859375 0.1890625 0.0140625 0.03671875
2 0.5203125 0.171875 0.01171875 0.0453125
2 0.559375 0.36640625 0.03046875 0.02734375
2 0.60234375 0.36796875 0.025 0.0421875
2 0.61875 0.39140625 0.02578125 0.0515625
2 0.48828125 0.30625 0.015625 0.04296875
2 0.43984375 0.3390625 0.01328125 0.0515625
2 0.44765625 0.30234375 0.01328125 0.053125
3 0.45546875 0.271875 0.01953125 0.03359375
3 0.96171875 0.1625 0.01484375 0.03203125
2 0.39609375 0.35078125 0.01875 0.06484375
2 0.12578125 0.43828125 0.0203125 0.06796875
2 0.0890625 0.5390625 0.02578125 0.0796875
2 0.1015625 0.2953125 0.01328125 0.06484375
2 0.29140625 0.1984375 0.00703125 0.05625
2 0.33046875 0.18515625 0.01171875 0.04765625