1 0.76640625 0.40234375 0.02265625 0.115625
2 0.70859375 0.60390625 0.02265625 0.14609375
2 0.65703125 0.56875 0.01171875 0.11171875
2 0.646875 0.56328125 0.0109375 0.1171875
2 0.63359375 0.55546875 0.0109375 0.11640625
2 0.621875 0.54921875 0.009375 0.12109375
2 0.61015625 0.5421875 0.0140625 0.121875
2 0.55 0.5171875 0.0203125 0.10859375
2 0.52890625 0.47734375 0.04765625 0.11328125
2 0.5140625 0.44296875 0.0109375 0.115625
2 0.49609375 0.4484375 0.0328125 0.103125
2 0.4640625 0.42734375 0.03515625 0.10859375
2 0.42421875 0.42265625 0.02734375 0.103125
2 0.434375 0.7828125 0.02109375 0.1328125
2 0.28828125 0.7625 0.021875 0.13203125
2 0.24296875 0.721875 0.01796875 0.12265625
3 0.24296875 0.6765625 0.02890625 0.11875
0 0.396875 0.76953125 0.0109375 0.01640625
3 0.1515625 0.08125 0.02109375 0.09140625
2 0.0515625 0.5578125 0.01953125 0.12578125