3 0.6453125 0.534375 0.01640625 0.128125
2 0.9828125 0.775 0.02890625 0.15078125
2 0.82890625 0.59375 0.03203125 0.1171875
2 0.6078125 0.64453125 0.03125 0.0890625
2 0.434375 0.5078125 0.0234375 0.10703125
2 0.47890625 0.46171875 0.034375 0.084375
2 0.5203125 0.4328125 0.02578125 0.090625
2 0.82421875 0.38046875 0.02578125 0.084375
2 0.71640625 0.41328125 0.01796875 0.08125
2 0.73046875 0.37265625 0.01484375 0.06953125
2 0.78359375 0.4328125 0.01875 0.07421875
0 0.7765625 0.4703125 0.00703125 0.0140625
2 0.3125 0.5734375 0.021875 0.09375
2 0.33359375 0.59765625 0.02109375 0.0765625
2 0.31171875 0.63046875 0.0296875 0.1