0 0.584375 0.38359375 0.0125 0.0296875
3 0.58828125 0.5015625 0.0375 0.0921875
2 0.7109375 0.3171875 0.0359375 0.08203125
2 0.62421875 0.34453125 0.0265625 0.06875
2 0.51796875 0.55859375 0.03359375 0.0921875
2 0.29609375 0.821875 0.0359375 0.11796875
2 0.17421875 0.7609375 0.03671875 0.11015625
2 0.11171875 0.64296875 0.0390625 0.0984375
2 0.178125 0.39921875 0.0296875 0.08671875
2 0.271875 0.1515625 0.03125 0.06953125
2 0.32109375 0.31953125 0.0265625 0.07734375
2 0.29140625 0.5015625 0.04140625 0.1
2 0.92421875 0.7578125 0.04140625 0.10234375
2 0.9109375 0.47265625 0.0421875 0.0796875
2 0.91796875 0.43359375 0.0453125 0.07421875
2 0.959375 0.5421875 0.0265625 0.0625
2 0.9515625 0.5265625 0.04375 0.075