1 0.29921875 0.4625 0.0296875 0.07421875
2 0.3328125 0.62734375 0.0421875 0.1109375
2 0.46015625 0.4984375 0.04921875 0.0796875
2 0.65390625 0.7640625 0.046875 0.11171875
2 0.6 0.44453125 0.0296875 0.08671875
2 0.6 0.421875 0.05 0.0875
2 0.528125 0.55546875 0.025 0.08984375
2 0.51328125 0.5125 0.03203125 0.103125
2 0.50859375 0.4734375 0.0375 0.1078125
2 0.4078125 0.61171875 0.01640625 0.11328125
2 0.425 0.60703125 0.01953125 0.11953125
2 0.4453125 0.59375 0.0234375 0.10625
2 0.45078125 0.5921875 0.01875 0.11953125
2 0.4625 0.58671875 0.0125 0.12890625
0 0.575 0.61640625 0.01640625 0.01640625
2 0.80859375 0.796875 0.02109375 0.13046875
3 0.840625 0.7234375 0.0265625 0.13046875
2 0.93984375 0.753125 0.03515625 0.134375