2 0.0625 0.5046875 0.02109375 0.08671875
3 0.37265625 0.53203125 0.0203125 0.075
0 0.28515625 0.48359375 0.00703125 0.0125
2 0.2734375 0.45234375 0.0234375 0.06328125
2 0.20234375 0.59296875 0.01484375 0.078125
2 0.3953125 0.5875 0.015625 0.07578125
2 0.45390625 0.53125 0.01875 0.075
2 0.3515625 0.396875 0.0171875 0.0546875
2 0.43359375 0.71328125 0.01640625 0.0921875
2 0.11171875 0.8 0.02734375 0.09921875
2 0.50625 0.5109375 0.01640625 0.0734375
2 0.546875 0.4546875 0.02109375 0.0671875
2 0.59765625 0.47578125 0.0140625 0.06953125
2 0.6421875 0.5109375 0.01328125 0.07265625
2 0.55859375 0.58125 0.01640625 0.0734375
2 0.740625 0.61015625 0.02265625 0.084375
2 0.690625 0.59375 0.01328125 0.07734375
2 0.69765625 0.5703125 0.0140625 0.0578125
2 0.69765625 0.54375 0.01484375 0.0640625
1 0.978125 0.5265625 0.0328125 0.084375