0 0.1703125 0.48984375 0.009375 0.0171875
1 0.28515625 0.48125 0.03203125 0.04140625
2 0.56015625 0.44921875 0.0140625 0.07109375
2 0.48515625 0.45859375 0.0140625 0.0671875
2 0.47109375 0.4921875 0.0203125 0.05234375
2 0.646875 0.51484375 0.01953125 0.0609375
2 0.42890625 0.52109375 0.021875 0.059375
2 0.43203125 0.559375 0.03046875 0.0546875
2 0.734375 0.38828125 0.01484375 0.05390625
2 0.7390625 0.496875 0.0171875 0.065625
2 0.7921875 0.58125 0.01953125 0.07265625
2 0.89140625 0.53125 0.0171875 0.07578125
2 0.81328125 0.86328125 0.02734375 0.0953125
2 0.88359375 0.62265625 0.01875 0.078125
3 0.7703125 0.490625 0.01796875 0.065625
3 0.64453125 0.27890625 0.009375 0.05
2 0.9265625 0.5921875 0.01953125 0.07734375
2 0.95 0.8375 0.0328125 0.10625