2 0.24375 0.421875 0.0140625 0.046875
0 0.253125 0.42265625 0.009375 0.01171875
1 0.3265625 0.478125 0.0203125 0.0375
2 0.409375 0.45859375 0.01640625 0.0671875
2 0.39375 0.5140625 0.01484375 0.071875
2 0.50859375 0.45859375 0.01484375 0.065625
2 0.5375 0.36015625 0.015625 0.0484375
2 0.628125 0.42734375 0.015625 0.0609375
2 0.65390625 0.5078125 0.0171875 0.06171875
3 0.69375 0.2828125 0.0109375 0.04609375
3 0.7703125 0.46171875 0.01640625 0.06640625
2 0.7140625 0.4828125 0.01640625 0.05859375
2 0.7359375 0.428125 0.01796875 0.065625
2 0.73046875 0.50390625 0.01328125 0.06640625
2 0.778125 0.54140625 0.01640625 0.06953125
2 0.8671875 0.56875 0.0171875 0.0734375
2 0.9140625 0.4046875 0.0203125 0.06171875
2 0.85625 0.759375 0.0203125 0.09453125
2 0.72109375 0.79375 0.015625 0.090625