1 0.12890625 0.4640625 0.015625 0.065625
3 0.48984375 0.2875 0.01640625 0.04375
0 0.38359375 0.49921875 0.00390625 0.01015625
2 0.34765625 0.45625 0.01796875 0.0515625
2 0.30078125 0.58828125 0.0171875 0.0625
2 0.37265625 0.55390625 0.0265625 0.06171875
2 0.378125 0.5140625 0.0265625 0.05546875
2 0.38984375 0.478125 0.0203125 0.053125
2 0.5234375 0.5234375 0.01953125 0.06875
2 0.62890625 0.3703125 0.01640625 0.04921875
2 0.6203125 0.50078125 0.0171875 0.06484375
2 0.62265625 0.56328125 0.0125 0.0640625
3 0.68046875 0.5015625 0.01875 0.0609375
2 0.73125 0.52109375 0.0234375 0.06015625
2 0.7296875 0.571875 0.01328125 0.0625
2 0.71953125 0.6015625 0.01484375 0.075
2 0.690625 0.86015625 0.02265625 0.0921875
2 0.81796875 0.79765625 0.0203125 0.08984375
2 0.928125 0.37734375 0.01640625 0.05703125
3 0.978125 0.98203125 0.0296875 0.03515625