2 0.93125 0.36015625 0.021875 0.09140625
2 0.7640625 0.19140625 0.02421875 0.0765625
2 0.840625 0.5828125 0.02734375 0.11171875
2 0.703125 0.8890625 0.0484375 0.12421875
2 0.7296875 0.6515625 0.03203125 0.10234375
2 0.69921875 0.55234375 0.03359375 0.09921875
2 0.69609375 0.3890625 0.034375 0.06875
2 0.54921875 0.26875 0.0328125 0.078125
2 0.37734375 0.2609375 0.0265625 0.07578125
2 0.2484375 0.34609375 0.0421875 0.09296875
2 0.19140625 0.5109375 0.0328125 0.09140625
2 0.15078125 0.7234375 0.04296875 0.109375
2 0.25703125 0.55625 0.040625 0.0765625
2 0.4203125 0.38828125 0.03515625 0.08359375
2 0.509375 0.78984375 0.03046875 0.11640625
2 0.48125 0.90625 0.0359375 0.11328125
2 0.57890625 0.60078125 0.0328125 0.09140625
2 0.65546875 0.6453125 0.03046875 0.07734375
3 0.5515625 0.4921875 0.0265625 0.0921875
0 0.46015625 0.4796875 0.01171875 0.021875