2 0.49921875 0.28515625 0.0265625 0.07265625
2 0.4640625 0.4328125 0.028125 0.09609375
2 0.684375 0.3171875 0.02421875 0.084375
2 0.334375 0.434375 0.03046875 0.09140625
2 0.2640625 0.35390625 0.03125 0.0734375
2 0.5578125 0.6828125 0.01875 0.1140625
2 0.4171875 0.74609375 0.0265625 0.11484375
2 0.52734375 0.91640625 0.02265625 0.1296875
3 0.63359375 0.60390625 0.0265625 0.11484375
3 0.87890625 0.253125 0.02265625 0.08828125
2 0.91171875 0.38671875 0.02890625 0.0890625
2 0.9421875 0.39453125 0.02890625 0.09765625
2 0.98515625 0.58671875 0.02734375 0.11484375
2 0.14375 0.6828125 0.03203125 0.12265625
2 0.109375 0.41953125 0.028125 0.0921875
2 0.175 0.3296875 0.03515625 0.09453125
0 0.196875 0.35390625 0.00859375 0.01875