2 0.64375 0.73203125 0.0453125 0.1375
2 0.5703125 0.8359375 0.0671875 0.1390625
2 0.2015625 0.90234375 0.03359375 0.13359375
2 0.33515625 0.68125 0.02734375 0.121875
2 0.33671875 0.5703125 0.02890625 0.11875
2 0.3 0.62578125 0.02421875 0.1234375
2 0.5328125 0.64140625 0.01875 0.1203125
2 0.490625 0.5328125 0.01796875 0.10703125
2 0.3828125 0.34140625 0.0296875 0.08671875
2 0.04765625 0.490625 0.0296875 0.11796875
3 0.15625 0.65234375 0.0484375 0.1328125
3 0.0578125 0.2046875 0.02265625 0.09921875
1 0.50390625 0.50546875 0.025 0.10859375
0 0.7328125 0.56953125 0.01328125 0.02109375