2 0.04296875 0.60546875 0.05546875 0.196875
2 0.2625 0.18828125 0.040625 0.11640625
2 0.5515625 0.2265625 0.03515625 0.1140625
2 0.753125 0.36953125 0.0625 0.12734375
2 0.68125 0.37109375 0.03671875 0.13984375
2 0.60234375 0.37421875 0.03515625 0.13671875
2 0.57734375 0.4296875 0.04453125 0.1078125
2 0.64765625 0.47734375 0.053125 0.13046875
2 0.59453125 0.56015625 0.0484375 0.1265625
2 0.4609375 0.35703125 0.03203125 0.1578125
2 0.43125 0.36484375 0.03203125 0.1125
2 0.353125 0.48671875 0.046875 0.134375
2 0.28125 0.38359375 0.025 0.12265625
3 0.25859375 0.41484375 0.03046875 0.13359375
0 0.35234375 0.52421875 0.01484375 0.02109375