2 0.55703125 0.36328125 0.02890625 0.08046875
2 0.57265625 0.42265625 0.03984375 0.08046875
2 0.5578125 0.49140625 0.0328125 0.09375
2 0.53359375 0.52890625 0.01875 0.11328125
2 0.4921875 0.63203125 0.040625 0.11875
2 0.496875 0.46796875 0.0375 0.09921875
2 0.40546875 0.46796875 0.02890625 0.09453125
2 0.36640625 0.46640625 0.03671875 0.10546875
2 0.32265625 0.42421875 0.02890625 0.09765625
0 0.55078125 0.41875 0.01328125 0.02265625
3 0.61796875 0.10703125 0.021875 0.06875
2 0.12578125 0.35546875 0.0296875 0.10078125
3 0.15546875 0.46875 0.0296875 0.10546875