1 0.7640625 0.478125 0.05 0.08359375
2 0.64296875 0.68671875 0.02890625 0.109375
2 0.54765625 0.615625 0.025 0.0984375
2 0.54375 0.55625 0.02890625 0.08828125
2 0.48671875 0.51640625 0.02109375 0.078125
2 0.41953125 0.47265625 0.02578125 0.08046875
2 0.453125 0.57109375 0.03046875 0.09140625
2 0.40078125 0.5921875 0.028125 0.08984375
2 0.36875 0.58046875 0.025 0.09921875
0 0.44140625 0.49765625 0.00625 0.01484375
2 0.2515625 0.5578125 0.01796875 0.0921875
2 0.0171875 0.53671875 0.0296875 0.096875
3 0.19296875 0.61484375 0.03359375 0.09609375
3 0.16015625 0.23046875 0.028125 0.06875