2 0.08984375 0.40078125 0.028125 0.0578125
2 0.075 0.4671875 0.015625 0.07265625
2 0.17734375 0.48828125 0.01953125 0.07109375
2 0.17890625 0.55234375 0.01640625 0.07421875
2 0.12421875 0.58203125 0.01484375 0.07890625
2 0.290625 0.47109375 0.01875 0.07421875
2 0.35390625 0.48046875 0.01796875 0.06953125
2 0.32890625 0.5640625 0.01484375 0.075
2 0.39453125 0.49609375 0.02421875 0.0734375
2 0.42421875 0.56484375 0.0140625 0.08359375
2 0.4609375 0.58984375 0.01796875 0.0796875
2 0.490625 0.54296875 0.021875 0.0796875
2 0.51171875 0.59765625 0.02109375 0.0796875
3 0.115625 0.54765625 0.0125 0.07578125
2 0.18828125 0.7140625 0.01640625 0.09375
1 0.68828125 0.50546875 0.01953125 0.06796875
0 0.62890625 0.41640625 0.0078125 0.01640625
3 0.99140625 0.971875 0.0171875 0.05546875