2 0.91015625 0.40078125 0.028125 0.0578125
2 0.925 0.4671875 0.015625 0.07265625
2 0.82265625 0.48828125 0.01953125 0.07109375
2 0.82109375 0.55234375 0.01640625 0.07421875
2 0.87578125 0.58203125 0.01484375 0.07890625
2 0.709375 0.47109375 0.01875 0.07421875
2 0.64609375 0.48046875 0.01796875 0.06953125
2 0.67109375 0.5640625 0.01484375 0.075
2 0.60546875 0.49609375 0.02421875 0.0734375
2 0.57578125 0.56484375 0.0140625 0.08359375
2 0.5390625 0.58984375 0.01796875 0.0796875
2 0.509375 0.54296875 0.021875 0.0796875
2 0.48828125 0.59765625 0.02109375 0.0796875
3 0.884375 0.54765625 0.0125 0.07578125
2 0.81171875 0.7140625 0.01640625 0.09375
1 0.31171875 0.50546875 0.01953125 0.06796875
0 0.37109375 0.41640625 0.0078125 0.01640625
3 0.00859375 0.971875 0.0171875 0.05546875