2 0.76328125 0.66484375 0.0234375 0.13203125
2 0.3078125 0.6796875 0.02734375 0.128125
2 0.59453125 0.44140625 0.01875 0.09453125
2 0.53515625 0.42734375 0.01796875 0.09921875
2 0.51328125 0.3375 0.0171875 0.0875
2 0.4890625 0.38359375 0.01875 0.0984375
2 0.46171875 0.27265625 0.01953125 0.08046875
2 0.35859375 0.41796875 0.02890625 0.0796875
3 0.43828125 0.52265625 0.02578125 0.09921875
3 0.51328125 0.23046875 0.01796875 0.08046875
2 0.31953125 0.3890625 0.028125 0.08671875
2 0.2703125 0.4390625 0.03515625 0.0875
2 0.23125 0.30390625 0.0203125 0.0734375
2 0.2203125 0.3765625 0.0265625 0.075
2 0.19375 0.38515625 0.034375 0.0796875
0 0.30859375 0.4453125 0.009375 0.01640625
2 0.0078125 0.53984375 0.015625 0.10703125
2 0.9 0.97734375 0.01953125 0.04453125