0 0.7875 0.4265625 0.00703125 0.01484375
2 0.73984375 0.33359375 0.021875 0.071875
2 0.709375 0.45078125 0.02109375 0.09140625
2 0.80234375 0.44609375 0.03046875 0.08203125
2 0.76875 0.6703125 0.0265625 0.109375
2 0.9109375 0.75703125 0.02421875 0.1125
2 0.534375 0.41328125 0.0234375 0.0796875
2 0.39609375 0.45703125 0.0296875 0.07890625
2 0.33046875 0.4859375 0.02890625 0.0828125
2 0.32265625 0.7421875 0.028125 0.1078125
2 0.44375 0.7953125 0.02734375 0.11328125
2 0.35 0.95234375 0.028125 0.09453125
2 0.2546875 0.25625 0.02421875 0.07265625
2 0.0609375 0.34296875 0.0265625 0.07734375
2 0.01796875 0.42421875 0.02734375 0.08359375
3 0.19609375 0.66328125 0.0265625 0.10625
3 0.0984375 0.2328125 0.01953125 0.075