0 0.85234375 0.6046875 0.009375 0.021875
2 0.6078125 0.6453125 0.02421875 0.1
2 0.49609375 0.52890625 0.01484375 0.08671875
2 0.475 0.53828125 0.02421875 0.0953125
2 0.3578125 0.58515625 0.03203125 0.090625
2 0.30078125 0.51640625 0.0171875 0.08203125
3 0.26171875 0.28359375 0.0296875 0.06953125
3 0.175 0.68828125 0.03515625 0.10390625
2 0.1703125 0.971875 0.01875 0.05625
2 0.0390625 0.89375 0.02890625 0.10703125
2 0.03828125 0.7671875 0.0359375 0.103125
2 0.0203125 0.721875 0.0265625 0.096875
1 0.58671875 0.5859375 0.0453125 0.02734375