2 0.00859375 0.4109375 0.0171875 0.084375
2 0.153125 0.5328125 0.02109375 0.0734375
2 0.17265625 0.68515625 0.04921875 0.1125
2 0.21171875 0.40390625 0.02734375 0.07890625
2 0.43828125 0.475 0.0234375 0.07109375
2 0.38828125 0.47734375 0.01953125 0.071875
2 0.340625 0.4859375 0.025 0.0859375
2 0.36328125 0.515625 0.015625 0.07109375
2 0.4640625 0.59453125 0.01875 0.06484375
2 0.4515625 0.53125 0.0125 0.0765625
2 0.2890625 0.578125 0.0265625 0.07265625
0 0.290625 0.6015625 0.009375 0.01796875
2 0.23203125 0.4875 0.0171875 0.08359375
2 0.21484375 0.49765625 0.02109375 0.06953125
3 0.19765625 0.5484375 0.01640625 0.0921875
1 0.834375 0.5125 0.028125 0.09296875