3 0.97578125 0.1890625 0.01484375 0.0421875
2 0.80625 0.309375 0.01328125 0.05859375
2 0.7953125 0.30703125 0.01171875 0.0578125
2 0.75078125 0.259375 0.0125 0.04296875
2 0.559375 0.1828125 0.01640625 0.03125
2 0.51796875 0.19296875 0.0109375 0.04375
2 0.61328125 0.26796875 0.0125 0.04296875
2 0.5359375 0.296875 0.0140625 0.04921875
3 0.51875 0.27734375 0.0125 0.04921875
0 0.5484375 0.29296875 0.003125 0.01015625
2 0.63046875 0.3921875 0.01796875 0.05625
2 0.60703125 0.4609375 0.0171875 0.06875
2 0.465625 0.2875 0.01640625 0.040625
2 0.45 0.28984375 0.02109375 0.05
2 0.42421875 0.2484375 0.01171875 0.04296875
2 0.33515625 0.25390625 0.015625 0.04921875
2 0.31484375 0.1859375 0.0109375 0.0390625
2 0.21875 0.2171875 0.01640625 0.04921875
2 0.196875 0.2703125 0.0109375 0.05
2 0.2125 0.34765625 0.01015625 0.05078125
2 0.1234375 0.3390625 0.02109375 0.05859375
1 0.1625 0.1984375 0.01015625 0.04765625
3 0.23125 0.53984375 0.01640625 0.071875
2 0.3296875 0.5140625 0.01953125 0.07265625
2 0.0140625 0.24140625 0.02109375 0.04765625