2 0.04609375 0.68203125 0.04140625 0.1203125
2 0.34296875 0.740625 0.03125 0.1390625
2 0.44453125 0.609375 0.03203125 0.128125
2 0.4953125 0.51640625 0.0328125 0.128125
2 0.28125 0.44765625 0.0296875 0.08984375
2 0.3234375 0.34921875 0.02890625 0.10390625
2 0.22734375 0.3890625 0.02734375 0.0875
2 0.22578125 0.28125 0.0296875 0.09140625
2 0.1859375 0.38828125 0.03359375 0.08671875
3 0.05546875 0.4859375 0.0265625 0.11328125
0 0.1671875 0.51875 0.0078125 0.01796875
2 0.178125 0.5203125 0.0265625 0.10703125
2 0.5859375 0.671875 0.03984375 0.12578125
2 0.6296875 0.61796875 0.03203125 0.11328125
2 0.66484375 0.65859375 0.0234375 0.1234375
2 0.709375 0.67265625 0.021875 0.1328125
2 0.8109375 0.76328125 0.02734375 0.13984375
2 0.796875 0.87734375 0.04140625 0.134375