3 0.51328125 0.46484375 0.0359375 0.08828125
2 0.06875 0.615625 0.0296875 0.11796875
2 0.23828125 0.49921875 0.028125 0.09921875
2 0.3703125 0.7578125 0.03828125 0.12734375
2 0.44375 0.525 0.02421875 0.1125
2 0.44609375 0.32265625 0.021875 0.08984375
2 0.26171875 0.30390625 0.03046875 0.08671875
2 0.225 0.33046875 0.028125 0.0875
2 0.34296875 0.265625 0.04140625 0.07109375
0 0.34921875 0.29140625 0.0078125 0.01640625
2 0.56015625 0.26328125 0.0328125 0.071875
2 0.63515625 0.3671875 0.02578125 0.0890625
2 0.6828125 0.2765625 0.0234375 0.0859375
2 0.840625 0.375 0.0296875 0.09609375
2 0.86640625 0.52421875 0.0359375 0.09921875
2 0.87890625 0.5015625 0.040625 0.09609375
3 0.8125 0.2296875 0.025 0.08515625